rb,Year,Date
p65,2022,2022-01-11
p65,2023,2023-12-25
p65,2023,2023-12-26
p65,2023,2023-12-30
p65,2025,2025-01-21
p65,2029,2029-12-22
p65,2029,2029-12-23
p65,2029,2029-12-24
p65,2036,2036-02-03
p65,2036,2036-02-04
p65,2050,2050-01-09
p65,2051,2051-02-02
p65,2051,2051-02-03
p65,2058,2058-01-17
p65,2062,2062-01-11
p65,2063,2063-12-25
p65,2063,2063-12-26
p65,2069,2069-12-22
p65,2069,2069-12-23
p65,2069,2069-12-24
p65,2091,2091-02-02
p65,2091,2091-02-03
