rb,Year,Date
p87,2020,2020-07-14
p87,2020,2020-07-15
p87,2020,2020-08-21
p87,2021,2021-07-21
p87,2021,2021-07-24
p87,2026,2026-07-29
p87,2026,2026-07-30
p87,2026,2026-08-01
p87,2028,2028-06-29
p87,2028,2028-07-16
p87,2030,2030-08-18
p87,2030,2030-08-20
p87,2030,2030-08-21
p87,2030,2030-08-22
p87,2030,2030-08-24
p87,2030,2030-08-25
p87,2030,2030-08-26
p87,2030,2030-08-27
p87,2030,2030-08-28
p87,2030,2030-08-29
p87,2030,2030-08-30
p87,2030,2030-09-04
p87,2030,2030-09-05
p87,2035,2035-08-17
p87,2035,2035-08-18
p87,2038,2038-07-07
p87,2038,2038-07-10
p87,2038,2038-07-29
p87,2038,2038-07-30
p87,2038,2038-07-31
p87,2038,2038-08-01
p87,2038,2038-08-26
p87,2038,2038-08-27
p87,2038,2038-08-28
p87,2038,2038-08-29
p87,2039,2039-07-29
p87,2039,2039-07-30
p87,2039,2039-07-31
p87,2039,2039-08-01
p87,2039,2039-08-02
p87,2039,2039-08-03
p87,2039,2039-08-10
p87,2039,2039-08-11
p87,2039,2039-08-12
p87,2039,2039-08-13
p87,2039,2039-08-18
p87,2039,2039-08-19
p87,2039,2039-08-20
p87,2040,2040-07-07
p87,2040,2040-07-08
p87,2040,2040-07-11
p87,2040,2040-07-12
p87,2040,2040-07-14
p87,2040,2040-07-15
p87,2040,2040-07-16
p87,2040,2040-07-17
p87,2040,2040-07-19
p87,2040,2040-07-20
p87,2040,2040-08-05
p87,2040,2040-08-06
p87,2040,2040-08-15
p87,2040,2040-08-16
p87,2040,2040-08-17
p87,2040,2040-08-18
p87,2040,2040-08-19
p87,2040,2040-08-20
p87,2040,2040-08-21
p87,2040,2040-08-25
p87,2040,2040-08-26
p87,2040,2040-08-28
p87,2040,2040-08-29
p87,2040,2040-08-30
p87,2040,2040-08-31
p87,2040,2040-09-01
p87,2040,2040-09-02
p87,2040,2040-09-03
p87,2040,2040-09-04
p87,2045,2045-08-21
p87,2046,2046-07-18
p87,2046,2046-07-19
p87,2046,2046-07-21
p87,2046,2046-08-03
p87,2046,2046-08-04
p87,2046,2046-08-08
p87,2046,2046-08-09
p87,2046,2046-08-14
p87,2046,2046-08-15
p87,2046,2046-08-16
p87,2046,2046-08-20
p87,2047,2047-08-09
p87,2047,2047-08-10
p87,2047,2047-08-11
p87,2047,2047-08-12
p87,2047,2047-08-13
p87,2047,2047-08-14
p87,2047,2047-08-15
p87,2047,2047-08-22
p87,2047,2047-08-23
p87,2048,2048-07-28
p87,2048,2048-07-29
p87,2048,2048-08-02
p87,2048,2048-08-03
p87,2049,2049-06-28
p87,2050,2050-07-31
p87,2050,2050-08-01
p87,2050,2050-08-02
p87,2050,2050-08-03
p87,2050,2050-08-04
p87,2050,2050-08-10
p87,2050,2050-08-11
p87,2050,2050-08-16
p87,2051,2051-06-04
p87,2051,2051-06-14
p87,2051,2051-06-18
p87,2051,2051-06-19
p87,2051,2051-06-30
p87,2051,2051-07-01
p87,2051,2051-07-02
p87,2051,2051-07-03
p87,2051,2051-07-10
p87,2051,2051-07-11
p87,2051,2051-07-31
p87,2051,2051-08-01
p87,2051,2051-08-02
p87,2051,2051-08-03
p87,2051,2051-08-04
p87,2051,2051-08-05
p87,2051,2051-08-10
p87,2051,2051-08-12
p87,2051,2051-08-14
p87,2051,2051-08-18
p87,2051,2051-08-19
p87,2051,2051-08-20
p87,2051,2051-08-21
p87,2051,2051-08-22
p87,2051,2051-08-23
p87,2051,2051-08-24
p87,2051,2051-08-25
p87,2051,2051-08-26
p87,2051,2051-08-27
p87,2051,2051-08-28
p87,2051,2051-08-29
p87,2051,2051-08-30
p87,2051,2051-08-31
p87,2052,2052-06-25
p87,2052,2052-06-29
p87,2052,2052-07-30
p87,2052,2052-08-01
p87,2054,2054-08-24
p87,2055,2055-07-30
p87,2055,2055-08-07
p87,2055,2055-08-08
p87,2055,2055-08-09
p87,2055,2055-08-10
p87,2055,2055-08-11
p87,2056,2056-08-04
p87,2056,2056-08-05
p87,2058,2058-07-20
p87,2058,2058-07-21
p87,2060,2060-07-01
p87,2060,2060-07-02
p87,2060,2060-07-07
p87,2060,2060-07-09
p87,2060,2060-07-11
p87,2060,2060-07-12
p87,2060,2060-07-13
p87,2060,2060-07-14
p87,2060,2060-07-15
p87,2060,2060-07-16
p87,2060,2060-07-17
p87,2060,2060-07-18
p87,2060,2060-07-30
p87,2060,2060-08-07
p87,2060,2060-08-08
p87,2060,2060-08-12
p87,2060,2060-08-20
p87,2060,2060-08-21
p87,2060,2060-08-22
p87,2060,2060-09-08
p87,2060,2060-09-09
p87,2060,2060-09-10
p87,2060,2060-09-14
p87,2060,2060-09-15
p87,2060,2060-09-16
p87,2061,2061-07-10
p87,2061,2061-07-13
p87,2061,2061-07-14
p87,2061,2061-07-15
p87,2061,2061-07-16
p87,2061,2061-07-17
p87,2061,2061-07-18
p87,2061,2061-07-19
p87,2061,2061-07-20
p87,2061,2061-07-21
p87,2061,2061-07-22
p87,2061,2061-07-23
p87,2061,2061-07-24
p87,2061,2061-07-25
p87,2061,2061-07-26
p87,2061,2061-07-27
p87,2061,2061-07-28
p87,2061,2061-08-05
p87,2061,2061-08-06
p87,2061,2061-08-14
p87,2061,2061-08-15
p87,2061,2061-08-16
p87,2061,2061-08-25
p87,2062,2062-06-08
p87,2062,2062-07-28
p87,2062,2062-08-25
p87,2062,2062-08-26
p87,2062,2062-08-27
p87,2063,2063-08-21
p87,2063,2063-08-22
p87,2063,2063-08-24
p87,2063,2063-08-25
p87,2063,2063-08-26
p87,2063,2063-08-29
p87,2063,2063-08-30
p87,2064,2064-07-07
p87,2064,2064-07-08
p87,2064,2064-07-09
p87,2064,2064-07-10
p87,2064,2064-07-11
p87,2064,2064-07-12
p87,2064,2064-07-15
p87,2064,2064-07-22
p87,2064,2064-08-19
p87,2064,2064-08-22
p87,2064,2064-08-30
p87,2064,2064-08-31
p87,2064,2064-09-01
p87,2065,2065-06-01
p87,2065,2065-06-02
p87,2065,2065-06-03
p87,2065,2065-06-04
p87,2065,2065-06-05
p87,2065,2065-06-06
p87,2065,2065-06-27
p87,2065,2065-07-09
p87,2065,2065-07-10
p87,2065,2065-07-18
p87,2065,2065-07-19
p87,2065,2065-07-30
p87,2065,2065-07-31
p87,2065,2065-08-01
p87,2065,2065-08-02
p87,2065,2065-08-09
p87,2065,2065-08-10
p87,2065,2065-08-11
p87,2065,2065-08-31
p87,2066,2066-07-12
p87,2066,2066-07-13
p87,2066,2066-07-14
p87,2066,2066-07-15
p87,2066,2066-07-16
p87,2066,2066-07-17
p87,2066,2066-07-18
p87,2066,2066-07-19
p87,2066,2066-07-20
p87,2066,2066-07-21
p87,2066,2066-07-22
p87,2066,2066-07-23
p87,2066,2066-07-27
p87,2066,2066-07-28
p87,2066,2066-07-29
p87,2066,2066-07-30
p87,2066,2066-07-31
p87,2066,2066-08-01
p87,2066,2066-08-02
p87,2066,2066-08-05
p87,2066,2066-08-07
p87,2066,2066-08-14
p87,2066,2066-08-15
p87,2066,2066-08-17
p87,2066,2066-08-18
p87,2066,2066-08-19
p87,2066,2066-08-24
p87,2066,2066-08-25
p87,2068,2068-06-27
p87,2068,2068-06-28
p87,2068,2068-06-29
p87,2068,2068-06-30
p87,2068,2068-07-02
p87,2068,2068-07-03
p87,2068,2068-07-04
p87,2068,2068-07-12
p87,2068,2068-07-13
p87,2068,2068-07-14
p87,2068,2068-07-15
p87,2068,2068-07-16
p87,2068,2068-07-17
p87,2068,2068-07-25
p87,2068,2068-07-26
p87,2068,2068-07-27
p87,2068,2068-07-28
p87,2068,2068-07-29
p87,2068,2068-07-30
p87,2068,2068-07-31
p87,2068,2068-08-01
p87,2068,2068-08-02
p87,2068,2068-08-03
p87,2068,2068-08-04
p87,2068,2068-08-06
p87,2068,2068-08-14
p87,2068,2068-08-15
p87,2068,2068-08-22
p87,2068,2068-08-23
p87,2068,2068-08-25
p87,2068,2068-08-26
p87,2068,2068-08-27
p87,2069,2069-09-01
p87,2070,2070-06-19
p87,2070,2070-06-20
p87,2070,2070-06-21
p87,2070,2070-07-01
p87,2070,2070-07-02
p87,2070,2070-07-03
p87,2070,2070-07-07
p87,2070,2070-07-08
p87,2070,2070-07-26
p87,2070,2070-07-27
p87,2070,2070-07-28
p87,2070,2070-07-29
p87,2070,2070-07-30
p87,2070,2070-07-31
p87,2070,2070-08-04
p87,2070,2070-08-05
p87,2070,2070-08-12
p87,2070,2070-08-15
p87,2070,2070-08-16
p87,2070,2070-08-17
p87,2070,2070-08-18
p87,2070,2070-08-19
p87,2070,2070-08-20
p87,2070,2070-08-21
p87,2070,2070-08-22
p87,2070,2070-08-23
p87,2070,2070-08-24
p87,2070,2070-08-25
p87,2070,2070-08-26
p87,2070,2070-08-27
p87,2070,2070-08-28
p87,2070,2070-08-29
p87,2070,2070-08-30
p87,2070,2070-08-31
p87,2070,2070-09-01
p87,2070,2070-09-02
p87,2070,2070-09-03
p87,2070,2070-09-04
p87,2070,2070-09-05
p87,2070,2070-09-06
p87,2070,2070-09-07
p87,2070,2070-09-08
p87,2070,2070-09-09
p87,2070,2070-09-15
p87,2070,2070-09-16
p87,2070,2070-09-18
p87,2070,2070-09-19
p87,2070,2070-09-21
p87,2072,2072-07-07
p87,2072,2072-07-27
p87,2073,2073-07-18
p87,2073,2073-07-19
p87,2073,2073-07-20
p87,2073,2073-07-21
p87,2073,2073-07-22
p87,2073,2073-07-23
p87,2073,2073-07-24
p87,2073,2073-07-25
p87,2073,2073-07-26
p87,2073,2073-07-27
p87,2073,2073-07-29
p87,2073,2073-07-30
p87,2073,2073-07-31
p87,2073,2073-08-01
p87,2073,2073-08-02
p87,2073,2073-08-13
p87,2073,2073-08-14
p87,2073,2073-08-15
p87,2073,2073-08-16
p87,2073,2073-08-17
p87,2073,2073-08-18
p87,2073,2073-08-19
p87,2073,2073-08-20
p87,2073,2073-08-21
p87,2073,2073-08-22
p87,2073,2073-08-23
p87,2073,2073-08-24
p87,2073,2073-08-25
p87,2073,2073-08-26
p87,2073,2073-09-22
p87,2073,2073-09-23
p87,2073,2073-09-24
p87,2075,2075-07-10
p87,2075,2075-07-11
p87,2075,2075-07-12
p87,2075,2075-07-13
p87,2075,2075-07-17
p87,2075,2075-07-18
p87,2075,2075-07-19
p87,2075,2075-07-20
p87,2075,2075-07-22
p87,2075,2075-07-23
p87,2075,2075-07-24
p87,2075,2075-07-25
p87,2075,2075-07-26
p87,2075,2075-07-27
p87,2075,2075-07-28
p87,2075,2075-08-01
p87,2075,2075-08-02
p87,2075,2075-08-08
p87,2075,2075-08-09
p87,2075,2075-08-10
p87,2075,2075-08-11
p87,2075,2075-08-12
p87,2075,2075-08-13
p87,2075,2075-08-14
p87,2075,2075-08-15
p87,2075,2075-08-16
p87,2075,2075-08-17
p87,2075,2075-08-18
p87,2075,2075-08-19
p87,2075,2075-08-20
p87,2075,2075-08-21
p87,2075,2075-08-23
p87,2075,2075-08-24
p87,2075,2075-08-25
p87,2075,2075-08-26
p87,2075,2075-08-27
p87,2075,2075-08-28
p87,2075,2075-08-29
p87,2075,2075-08-30
p87,2075,2075-08-31
p87,2075,2075-09-01
p87,2075,2075-09-02
p87,2075,2075-09-03
p87,2076,2076-07-03
p87,2076,2076-07-06
p87,2076,2076-07-07
p87,2076,2076-07-09
p87,2076,2076-07-14
p87,2076,2076-07-19
p87,2076,2076-07-20
p87,2076,2076-07-21
p87,2076,2076-07-22
p87,2076,2076-07-23
p87,2076,2076-08-03
p87,2076,2076-08-04
p87,2076,2076-08-05
p87,2076,2076-08-08
p87,2076,2076-08-09
p87,2076,2076-08-20
p87,2076,2076-08-21
p87,2077,2077-07-03
p87,2077,2077-07-04
p87,2077,2077-07-25
p87,2077,2077-07-26
p87,2077,2077-07-27
p87,2077,2077-07-28
p87,2077,2077-08-05
p87,2077,2077-08-11
p87,2077,2077-08-13
p87,2077,2077-08-14
p87,2077,2077-08-15
p87,2077,2077-08-16
p87,2077,2077-08-17
p87,2077,2077-08-18
p87,2077,2077-08-19
p87,2077,2077-08-20
p87,2077,2077-08-28
p87,2077,2077-08-29
p87,2077,2077-08-30
p87,2077,2077-08-31
p87,2077,2077-09-01
p87,2077,2077-09-02
p87,2077,2077-09-03
p87,2077,2077-09-19
p87,2077,2077-09-20
p87,2078,2078-06-01
p87,2078,2078-06-02
p87,2078,2078-06-13
p87,2078,2078-06-14
p87,2078,2078-06-15
p87,2078,2078-06-17
p87,2078,2078-06-19
p87,2078,2078-06-20
p87,2078,2078-06-21
p87,2078,2078-06-22
p87,2078,2078-06-23
p87,2078,2078-06-24
p87,2078,2078-06-29
p87,2078,2078-06-30
p87,2078,2078-07-01
p87,2078,2078-07-02
p87,2078,2078-07-05
p87,2078,2078-07-06
p87,2078,2078-07-07
p87,2078,2078-07-08
p87,2078,2078-07-09
p87,2078,2078-07-10
p87,2078,2078-07-11
p87,2078,2078-07-16
p87,2078,2078-07-17
p87,2078,2078-07-18
p87,2078,2078-07-19
p87,2078,2078-07-20
p87,2078,2078-07-21
p87,2078,2078-07-28
p87,2078,2078-07-29
p87,2078,2078-07-30
p87,2078,2078-07-31
p87,2078,2078-08-01
p87,2078,2078-08-02
p87,2078,2078-08-03
p87,2078,2078-08-05
p87,2078,2078-08-06
p87,2078,2078-08-09
p87,2078,2078-08-10
p87,2078,2078-08-11
p87,2078,2078-08-18
p87,2078,2078-08-19
p87,2078,2078-08-20
p87,2078,2078-08-21
p87,2078,2078-08-22
p87,2078,2078-08-23
p87,2078,2078-08-24
p87,2078,2078-08-25
p87,2078,2078-08-26
p87,2078,2078-08-27
p87,2078,2078-08-28
p87,2078,2078-08-29
p87,2078,2078-08-30
p87,2078,2078-08-31
p87,2078,2078-09-01
p87,2078,2078-09-03
p87,2078,2078-09-04
p87,2078,2078-09-05
p87,2078,2078-09-06
p87,2079,2079-06-04
p87,2079,2079-06-05
p87,2079,2079-06-28
p87,2079,2079-07-01
p87,2079,2079-07-02
p87,2079,2079-07-03
p87,2079,2079-07-04
p87,2079,2079-07-05
p87,2079,2079-07-06
p87,2079,2079-07-07
p87,2079,2079-07-16
p87,2079,2079-07-17
p87,2079,2079-07-18
p87,2079,2079-07-21
p87,2079,2079-07-22
p87,2079,2079-07-23
p87,2079,2079-07-24
p87,2079,2079-07-26
p87,2079,2079-07-27
p87,2079,2079-07-28
p87,2079,2079-07-29
p87,2079,2079-07-30
p87,2079,2079-07-31
p87,2079,2079-08-01
p87,2079,2079-08-02
p87,2079,2079-08-03
p87,2079,2079-08-04
p87,2079,2079-08-05
p87,2079,2079-08-06
p87,2079,2079-08-07
p87,2079,2079-08-08
p87,2079,2079-08-09
p87,2079,2079-08-10
p87,2079,2079-08-11
p87,2079,2079-08-12
p87,2079,2079-08-13
p87,2079,2079-08-14
p87,2079,2079-08-16
p87,2079,2079-08-17
p87,2079,2079-08-18
p87,2079,2079-08-19
p87,2079,2079-08-20
p87,2079,2079-08-21
p87,2079,2079-08-22
p87,2079,2079-08-23
p87,2079,2079-08-24
p87,2079,2079-08-25
p87,2079,2079-08-26
p87,2079,2079-08-27
p87,2079,2079-08-28
p87,2079,2079-08-29
p87,2079,2079-08-30
p87,2079,2079-08-31
p87,2079,2079-09-01
p87,2079,2079-09-05
p87,2079,2079-09-07
p87,2080,2080-05-26
p87,2080,2080-05-27
p87,2080,2080-06-21
p87,2080,2080-06-23
p87,2080,2080-06-24
p87,2080,2080-06-25
p87,2080,2080-07-02
p87,2080,2080-07-03
p87,2080,2080-07-04
p87,2080,2080-07-05
p87,2080,2080-07-06
p87,2080,2080-07-07
p87,2080,2080-07-08
p87,2080,2080-07-09
p87,2080,2080-07-10
p87,2080,2080-07-11
p87,2080,2080-07-12
p87,2080,2080-07-13
p87,2080,2080-07-14
p87,2080,2080-07-15
p87,2080,2080-07-16
p87,2080,2080-07-17
p87,2080,2080-07-18
p87,2080,2080-07-19
p87,2080,2080-07-20
p87,2080,2080-07-21
p87,2080,2080-07-22
p87,2080,2080-07-23
p87,2080,2080-07-26
p87,2080,2080-07-27
p87,2080,2080-07-28
p87,2080,2080-07-29
p87,2080,2080-08-04
p87,2080,2080-08-05
p87,2080,2080-08-06
p87,2080,2080-08-07
p87,2080,2080-08-08
p87,2080,2080-08-09
p87,2080,2080-08-10
p87,2080,2080-08-11
p87,2080,2080-08-12
p87,2080,2080-08-13
p87,2080,2080-08-14
p87,2080,2080-08-15
p87,2080,2080-08-16
p87,2080,2080-08-17
p87,2080,2080-08-18
p87,2080,2080-08-19
p87,2080,2080-08-20
p87,2080,2080-08-21
p87,2080,2080-08-22
p87,2080,2080-08-23
p87,2080,2080-08-24
p87,2080,2080-08-25
p87,2080,2080-08-26
p87,2080,2080-08-27
p87,2080,2080-08-28
p87,2080,2080-08-29
p87,2080,2080-08-30
p87,2080,2080-08-31
p87,2080,2080-09-01
p87,2080,2080-09-02
p87,2080,2080-09-03
p87,2080,2080-09-04
p87,2080,2080-09-05
p87,2081,2081-07-10
p87,2081,2081-07-11
p87,2081,2081-07-12
p87,2081,2081-07-19
p87,2081,2081-07-20
p87,2081,2081-07-21
p87,2081,2081-07-23
p87,2081,2081-07-24
p87,2081,2081-08-04
p87,2081,2081-08-05
p87,2081,2081-08-16
p87,2081,2081-08-17
p87,2081,2081-08-19
p87,2081,2081-08-20
p87,2081,2081-08-21
p87,2081,2081-08-22
p87,2081,2081-08-23
p87,2081,2081-08-26
p87,2081,2081-08-27
p87,2082,2082-07-06
p87,2082,2082-07-07
p87,2082,2082-07-08
p87,2082,2082-07-09
p87,2082,2082-07-10
p87,2082,2082-07-11
p87,2082,2082-07-17
p87,2082,2082-07-18
p87,2082,2082-07-19
p87,2082,2082-07-20
p87,2082,2082-07-21
p87,2082,2082-07-22
p87,2082,2082-07-23
p87,2082,2082-07-24
p87,2082,2082-07-26
p87,2082,2082-07-27
p87,2082,2082-07-28
p87,2082,2082-08-01
p87,2082,2082-08-02
p87,2082,2082-08-03
p87,2082,2082-08-04
p87,2082,2082-08-07
p87,2082,2082-08-08
p87,2082,2082-08-09
p87,2082,2082-08-12
p87,2082,2082-08-13
p87,2082,2082-08-18
p87,2082,2082-08-19
p87,2082,2082-08-20
p87,2082,2082-08-21
p87,2082,2082-08-23
p87,2082,2082-08-24
p87,2082,2082-08-26
p87,2082,2082-08-27
p87,2082,2082-08-28
p87,2082,2082-08-29
p87,2082,2082-08-30
p87,2082,2082-09-05
p87,2082,2082-09-06
p87,2082,2082-09-10
p87,2082,2082-09-11
p87,2082,2082-09-12
p87,2082,2082-09-15
p87,2083,2083-08-06
p87,2083,2083-08-15
p87,2083,2083-08-19
p87,2083,2083-08-24
p87,2083,2083-08-25
p87,2083,2083-08-26
p87,2084,2084-07-24
p87,2084,2084-07-25
p87,2084,2084-08-01
p87,2084,2084-08-02
p87,2084,2084-08-03
p87,2084,2084-08-04
p87,2084,2084-08-05
p87,2084,2084-08-27
p87,2084,2084-08-28
p87,2084,2084-09-06
p87,2085,2085-07-21
p87,2085,2085-07-22
p87,2085,2085-07-23
p87,2085,2085-07-24
p87,2085,2085-07-25
p87,2085,2085-07-26
p87,2085,2085-08-09
p87,2085,2085-08-15
p87,2085,2085-08-16
p87,2085,2085-08-18
p87,2085,2085-08-19
p87,2085,2085-08-20
p87,2085,2085-08-21
p87,2085,2085-08-22
p87,2085,2085-08-23
p87,2085,2085-09-19
p87,2085,2085-09-20
p87,2085,2085-09-21
p87,2086,2086-06-10
p87,2086,2086-06-11
p87,2086,2086-06-12
p87,2086,2086-06-15
p87,2086,2086-06-20
p87,2086,2086-06-21
p87,2086,2086-06-22
p87,2086,2086-06-23
p87,2086,2086-06-24
p87,2086,2086-06-25
p87,2086,2086-06-29
p87,2086,2086-06-30
p87,2086,2086-07-01
p87,2086,2086-07-02
p87,2086,2086-07-14
p87,2086,2086-07-15
p87,2086,2086-07-16
p87,2086,2086-07-17
p87,2086,2086-07-18
p87,2086,2086-07-19
p87,2086,2086-07-20
p87,2086,2086-07-21
p87,2086,2086-07-22
p87,2086,2086-07-27
p87,2086,2086-07-28
p87,2086,2086-07-29
p87,2086,2086-07-30
p87,2086,2086-07-31
p87,2086,2086-08-01
p87,2086,2086-08-02
p87,2086,2086-08-03
p87,2086,2086-08-04
p87,2086,2086-08-05
p87,2086,2086-08-06
p87,2086,2086-08-07
p87,2086,2086-08-08
p87,2086,2086-08-09
p87,2086,2086-08-10
p87,2086,2086-08-11
p87,2086,2086-08-12
p87,2086,2086-08-13
p87,2086,2086-08-14
p87,2086,2086-08-15
p87,2086,2086-08-16
p87,2086,2086-08-17
p87,2086,2086-08-18
p87,2086,2086-08-19
p87,2086,2086-08-20
p87,2086,2086-08-21
p87,2086,2086-08-23
p87,2086,2086-08-24
p87,2086,2086-08-25
p87,2086,2086-08-26
p87,2086,2086-08-27
p87,2086,2086-08-28
p87,2086,2086-08-29
p87,2086,2086-08-30
p87,2086,2086-09-17
p87,2086,2086-09-23
p87,2087,2087-06-10
p87,2087,2087-06-11
p87,2087,2087-06-23
p87,2087,2087-06-29
p87,2087,2087-06-30
p87,2087,2087-07-01
p87,2087,2087-07-30
p87,2087,2087-08-02
p87,2087,2087-08-03
p87,2087,2087-08-04
p87,2087,2087-08-05
p87,2087,2087-08-06
p87,2087,2087-08-07
p87,2087,2087-08-08
p87,2087,2087-08-09
p87,2087,2087-08-10
p87,2087,2087-08-11
p87,2087,2087-08-12
p87,2087,2087-08-13
p87,2087,2087-08-14
p87,2087,2087-08-15
p87,2087,2087-08-16
p87,2087,2087-08-17
p87,2087,2087-08-18
p87,2087,2087-08-19
p87,2087,2087-08-20
p87,2087,2087-08-21
p87,2087,2087-08-22
p87,2087,2087-08-23
p87,2087,2087-08-24
p87,2087,2087-08-25
p87,2087,2087-08-26
p87,2087,2087-08-27
p87,2087,2087-08-28
p87,2087,2087-08-29
p87,2087,2087-08-30
p87,2087,2087-09-03
p87,2088,2088-06-16
p87,2088,2088-06-23
p87,2088,2088-06-24
p87,2088,2088-06-27
p87,2088,2088-07-05
p87,2088,2088-07-07
p87,2088,2088-07-08
p87,2088,2088-07-09
p87,2088,2088-07-11
p87,2088,2088-07-12
p87,2088,2088-07-13
p87,2088,2088-07-14
p87,2088,2088-07-15
p87,2088,2088-07-16
p87,2088,2088-07-17
p87,2088,2088-07-18
p87,2088,2088-07-19
p87,2088,2088-07-20
p87,2088,2088-07-21
p87,2088,2088-07-22
p87,2088,2088-07-23
p87,2088,2088-07-24
p87,2088,2088-07-25
p87,2088,2088-07-27
p87,2088,2088-07-28
p87,2088,2088-07-29
p87,2088,2088-07-30
p87,2088,2088-07-31
p87,2088,2088-08-02
p87,2088,2088-08-03
p87,2088,2088-08-04
p87,2089,2089-06-19
p87,2089,2089-06-20
p87,2089,2089-06-21
p87,2089,2089-06-22
p87,2089,2089-06-23
p87,2089,2089-06-24
p87,2089,2089-06-25
p87,2089,2089-06-26
p87,2089,2089-06-27
p87,2089,2089-06-28
p87,2089,2089-06-29
p87,2089,2089-06-30
p87,2089,2089-07-01
p87,2089,2089-07-02
p87,2089,2089-07-03
p87,2089,2089-07-04
p87,2089,2089-07-05
p87,2089,2089-07-10
p87,2089,2089-07-11
p87,2089,2089-07-12
p87,2089,2089-07-13
p87,2089,2089-07-14
p87,2089,2089-07-15
p87,2089,2089-07-25
p87,2089,2089-08-04
p87,2089,2089-08-05
p87,2089,2089-08-06
p87,2089,2089-08-07
p87,2089,2089-08-08
p87,2089,2089-08-10
p87,2089,2089-08-11
p87,2089,2089-08-14
p87,2089,2089-08-15
p87,2090,2090-06-17
p87,2090,2090-06-18
p87,2090,2090-06-19
p87,2090,2090-06-20
p87,2090,2090-06-21
p87,2090,2090-06-24
p87,2090,2090-06-25
p87,2090,2090-06-26
p87,2090,2090-06-27
p87,2090,2090-07-12
p87,2090,2090-07-14
p87,2090,2090-07-15
p87,2090,2090-07-16
p87,2090,2090-07-20
p87,2090,2090-07-21
p87,2090,2090-07-22
p87,2090,2090-07-23
p87,2090,2090-07-24
p87,2090,2090-07-29
p87,2090,2090-07-31
p87,2090,2090-08-01
p87,2090,2090-08-02
p87,2090,2090-08-03
p87,2090,2090-08-04
p87,2090,2090-08-05
p87,2090,2090-08-06
p87,2090,2090-08-07
p87,2090,2090-08-08
p87,2090,2090-08-09
p87,2090,2090-08-10
p87,2090,2090-08-11
p87,2090,2090-08-12
p87,2090,2090-08-14
p87,2090,2090-08-15
p87,2090,2090-08-16
p87,2090,2090-08-17
p87,2090,2090-08-21
p87,2090,2090-08-22
p87,2090,2090-08-23
p87,2090,2090-08-24
p87,2090,2090-08-27
p87,2090,2090-09-09
p87,2090,2090-09-10
p87,2090,2090-09-11
p87,2090,2090-09-12
p87,2090,2090-09-17
p87,2090,2090-09-18
p87,2090,2090-09-19
p87,2090,2090-09-20
p87,2091,2091-06-01
p87,2091,2091-06-02
p87,2091,2091-06-03
p87,2091,2091-06-04
p87,2091,2091-06-05
p87,2091,2091-06-06
p87,2091,2091-06-08
p87,2091,2091-06-09
p87,2091,2091-06-10
p87,2091,2091-06-11
p87,2091,2091-06-12
p87,2091,2091-06-13
p87,2091,2091-06-14
p87,2091,2091-06-15
p87,2091,2091-06-16
p87,2091,2091-06-17
p87,2091,2091-06-18
p87,2091,2091-06-19
p87,2091,2091-06-20
p87,2091,2091-06-21
p87,2091,2091-06-25
p87,2091,2091-06-26
p87,2091,2091-06-27
p87,2091,2091-06-28
p87,2091,2091-06-29
p87,2091,2091-06-30
p87,2091,2091-07-01
p87,2091,2091-07-02
p87,2091,2091-07-03
p87,2091,2091-07-04
p87,2091,2091-07-06
p87,2091,2091-07-07
p87,2091,2091-07-09
p87,2091,2091-07-10
p87,2091,2091-07-11
p87,2091,2091-07-12
p87,2091,2091-07-13
p87,2091,2091-07-14
p87,2091,2091-07-18
p87,2091,2091-07-19
p87,2091,2091-07-20
p87,2091,2091-07-21
p87,2091,2091-07-22
p87,2091,2091-07-23
p87,2091,2091-07-24
p87,2091,2091-07-25
p87,2091,2091-07-26
p87,2091,2091-07-27
p87,2091,2091-07-28
p87,2091,2091-07-30
p87,2091,2091-07-31
p87,2091,2091-08-01
p87,2091,2091-08-02
p87,2091,2091-08-03
p87,2091,2091-08-04
p87,2091,2091-08-05
p87,2091,2091-08-06
p87,2091,2091-08-07
p87,2091,2091-08-08
p87,2091,2091-08-09
p87,2091,2091-08-10
p87,2091,2091-08-11
p87,2091,2091-08-12
p87,2091,2091-08-13
p87,2091,2091-08-14
p87,2091,2091-08-15
p87,2091,2091-08-16
p87,2091,2091-08-17
p87,2091,2091-08-18
p87,2091,2091-08-19
p87,2091,2091-08-20
p87,2091,2091-08-21
p87,2091,2091-08-22
p87,2091,2091-08-23
p87,2091,2091-08-24
p87,2091,2091-08-25
p87,2091,2091-08-26
p87,2091,2091-08-27
p87,2091,2091-08-28
p87,2091,2091-08-29
p87,2091,2091-08-30
p87,2091,2091-08-31
p87,2091,2091-09-01
p87,2092,2092-06-23
p87,2092,2092-06-24
p87,2092,2092-06-25
p87,2092,2092-06-26
p87,2092,2092-06-27
p87,2092,2092-06-28
p87,2092,2092-06-29
p87,2092,2092-06-30
p87,2092,2092-07-01
p87,2092,2092-07-02
p87,2092,2092-07-03
p87,2092,2092-07-04
p87,2092,2092-07-05
p87,2092,2092-07-06
p87,2092,2092-07-19
p87,2092,2092-07-23
p87,2092,2092-07-24
p87,2092,2092-07-25
p87,2092,2092-07-26
p87,2092,2092-07-28
p87,2092,2092-07-29
p87,2092,2092-07-30
p87,2092,2092-07-31
p87,2092,2092-08-01
p87,2092,2092-08-02
p87,2092,2092-08-03
p87,2092,2092-08-07
p87,2092,2092-08-08
p87,2092,2092-08-09
p87,2092,2092-08-10
p87,2092,2092-08-12
p87,2092,2092-08-13
p87,2092,2092-08-14
p87,2092,2092-08-16
p87,2092,2092-08-27
p87,2092,2092-08-28
p87,2093,2093-06-28
p87,2093,2093-07-23
p87,2093,2093-08-01
p87,2093,2093-08-02
p87,2093,2093-08-03
p87,2093,2093-08-04
p87,2093,2093-08-06
p87,2093,2093-08-07
p87,2093,2093-08-08
p87,2093,2093-08-30
p87,2093,2093-08-31
p87,2093,2093-09-03
p87,2093,2093-09-04
p87,2093,2093-09-05
p87,2093,2093-09-06
p87,2093,2093-09-07
p87,2093,2093-09-08
p87,2093,2093-09-09
p87,2093,2093-09-12
p87,2093,2093-09-17
p87,2094,2094-07-26
p87,2094,2094-07-27
p87,2094,2094-08-06
p87,2094,2094-08-07
p87,2094,2094-08-11
p87,2094,2094-08-16
p87,2094,2094-08-17
p87,2094,2094-08-20
p87,2094,2094-08-21
p87,2094,2094-08-22
p87,2094,2094-08-23
p87,2094,2094-08-24
p87,2094,2094-08-25
p87,2094,2094-08-27
p87,2094,2094-08-28
p87,2094,2094-09-09
p87,2094,2094-09-10
p87,2094,2094-09-11
p87,2095,2095-06-23
p87,2095,2095-06-24
p87,2095,2095-07-11
p87,2095,2095-07-12
p87,2095,2095-07-13
p87,2095,2095-07-14
p87,2095,2095-07-15
p87,2095,2095-07-16
p87,2095,2095-07-17
p87,2095,2095-07-18
p87,2095,2095-07-19
p87,2095,2095-07-20
p87,2095,2095-07-21
p87,2095,2095-07-22
p87,2095,2095-07-23
p87,2095,2095-07-24
p87,2095,2095-07-25
p87,2095,2095-07-26
p87,2095,2095-07-27
p87,2095,2095-07-28
p87,2095,2095-07-29
p87,2095,2095-07-30
p87,2095,2095-07-31
p87,2095,2095-08-01
p87,2095,2095-08-02
p87,2095,2095-08-03
p87,2095,2095-08-04
p87,2095,2095-08-05
p87,2095,2095-08-06
p87,2095,2095-08-07
p87,2095,2095-08-08
p87,2095,2095-08-09
p87,2095,2095-08-10
p87,2095,2095-08-11
p87,2095,2095-08-12
p87,2095,2095-08-13
p87,2095,2095-08-14
p87,2095,2095-08-15
p87,2095,2095-08-24
p87,2095,2095-09-01
p87,2095,2095-09-04
p87,2095,2095-09-05
p87,2095,2095-09-06
p87,2095,2095-09-07
p87,2095,2095-09-08
p87,2095,2095-09-18
p87,2095,2095-09-19
p87,2095,2095-09-20
p87,2096,2096-06-17
p87,2096,2096-07-07
p87,2096,2096-07-08
p87,2096,2096-07-09
p87,2096,2096-07-19
p87,2096,2096-07-20
p87,2096,2096-07-22
p87,2096,2096-07-23
p87,2096,2096-07-30
p87,2096,2096-07-31
p87,2096,2096-08-01
p87,2096,2096-08-02
p87,2096,2096-08-03
p87,2096,2096-08-04
p87,2096,2096-08-05
p87,2096,2096-08-06
p87,2096,2096-08-07
p87,2096,2096-08-08
p87,2096,2096-08-23
p87,2096,2096-08-24
p87,2096,2096-08-25
p87,2096,2096-08-26
p87,2096,2096-08-27
p87,2096,2096-08-28
p87,2096,2096-08-29
p87,2096,2096-08-30
p87,2096,2096-08-31
p87,2096,2096-09-01
p87,2096,2096-09-02
p87,2096,2096-09-03
p87,2096,2096-09-04
p87,2096,2096-09-08
p87,2096,2096-09-09
p87,2096,2096-09-10
p87,2096,2096-09-12
p87,2096,2096-09-13
p87,2096,2096-09-14
p87,2096,2096-09-15
p87,2096,2096-09-20
p87,2096,2096-09-21
p87,2097,2097-07-19
p87,2097,2097-07-20
p87,2097,2097-07-21
p87,2097,2097-07-26
p87,2097,2097-08-17
p87,2097,2097-08-18
p87,2097,2097-08-19
p87,2097,2097-08-20
p87,2097,2097-08-21
p87,2098,2098-06-24
p87,2098,2098-06-25
p87,2098,2098-06-26
p87,2098,2098-06-27
p87,2098,2098-06-28
p87,2098,2098-06-29
p87,2098,2098-06-30
p87,2098,2098-07-01
p87,2098,2098-07-02
p87,2098,2098-07-19
p87,2098,2098-07-20
p87,2098,2098-07-21
p87,2098,2098-07-22
p87,2098,2098-07-23
p87,2098,2098-07-26
p87,2098,2098-07-27
p87,2098,2098-07-28
p87,2098,2098-07-29
p87,2098,2098-07-30
p87,2098,2098-08-05
p87,2098,2098-08-06
p87,2098,2098-08-07
p87,2098,2098-08-10
p87,2098,2098-08-11
p87,2098,2098-08-12
p87,2098,2098-08-14
p87,2098,2098-08-15
p87,2098,2098-08-17
p87,2098,2098-08-18
p87,2098,2098-08-19
p87,2098,2098-08-21
p87,2098,2098-08-22
p87,2098,2098-08-25
p87,2098,2098-08-26
p87,2098,2098-08-27
p87,2098,2098-08-28
p87,2098,2098-08-29
p87,2098,2098-08-30
p87,2098,2098-09-13
p87,2098,2098-09-14
p87,2098,2098-09-15
p87,2098,2098-09-16
p87,2098,2098-09-17
p87,2098,2098-09-18
p87,2098,2098-09-19
p87,2098,2098-09-21
p87,2099,2099-07-05
p87,2099,2099-07-06
p87,2099,2099-07-07
p87,2099,2099-07-08
p87,2099,2099-07-09
p87,2099,2099-08-06
p87,2099,2099-08-07
p87,2099,2099-08-08
p87,2099,2099-08-12
p87,2099,2099-08-13
p87,2099,2099-08-14
p87,2099,2099-08-15
p87,2099,2099-08-16
p87,2099,2099-08-17
p87,2099,2099-08-18
p87,2099,2099-08-20
p87,2099,2099-08-31
p87,2099,2099-09-01
p87,2099,2099-09-02
p87,2099,2099-09-03
p87,2099,2099-09-04
p87,2099,2099-09-05
p87,2099,2099-09-06
p87,2099,2099-09-07
p87,2099,2099-09-08
p87,2099,2099-09-09
p87,2099,2099-09-10
p87,2099,2099-09-11
p87,2099,2099-09-12
p87,2099,2099-09-13
p87,2099,2099-09-14
p87,2099,2099-09-15
p87,2099,2099-09-16
p87,2099,2099-09-17
p87,2099,2099-09-18
p87,2099,2099-10-01
p87,2099,2099-10-02
p87,2099,2099-10-03
