rb,Year,Date,Load_sum
p52,2052,2052-01-02,73972.23
p52,2052,2052-01-03,73417.42
p52,2052,2052-01-09,74847.8
p52,2052,2052-01-10,74849.86
p52,2052,2052-12-27,106355.54
p52,2052,2052-12-28,100539.15000000001
p52,2052,2052-12-31,106134.08
p52,2053,2053-01-01,61600.38
p52,2053,2053-01-02,71463.95999999999
p52,2053,2053-01-03,73195.74
p52,2053,2053-01-04,61138.48
p52,2053,2053-01-05,60192.83
p52,2053,2053-01-06,71605.18000000001
p52,2053,2053-01-09,71577.86
p52,2053,2053-01-10,72333.01999999999
p52,2053,2053-01-11,59950.64
p52,2053,2053-01-12,60336.58
p52,2053,2053-01-13,72080.66
p52,2053,2053-01-14,71620.81999999999
p52,2053,2053-01-16,71342.3
p52,2053,2053-01-17,72124.01
p52,2053,2053-12-26,103265.89
p52,2053,2053-12-28,99532.87
p52,2053,2053-12-29,105894.86
p52,2053,2053-12-30,106922.12
p52,2053,2053-12-31,106457.14
p52,2054,2054-01-01,60288.17
p52,2054,2054-01-02,70004.63
p52,2054,2054-01-03,56946.409999999996
p52,2054,2054-01-04,57257.31
p52,2054,2054-01-05,69604.34999999999
p52,2054,2054-01-06,70667.07
p52,2054,2054-01-07,70958.51999999999
p52,2054,2054-01-08,71037.95
p52,2054,2054-01-09,71143.76
p52,2054,2054-01-10,57689.43
p52,2054,2054-01-11,57618.560000000005
p52,2054,2054-01-12,69446.09
p52,2054,2054-01-13,68989.15
p52,2054,2054-01-14,69011.65
p52,2054,2054-01-15,70347.89
p52,2054,2054-01-16,69990.4
p52,2054,2054-01-17,56032.35
p52,2054,2054-01-22,69266.89
p52,2054,2054-01-23,70830.4
p52,2054,2054-12-24,103516.5
p52,2054,2054-12-25,87827.66
p52,2054,2054-12-26,98218.86
p52,2054,2054-12-27,98288.20999999999
p52,2054,2054-12-29,103521.15999999999
p52,2054,2054-12-30,104131.81
p52,2054,2054-12-31,105156.72
p52,2055,2055-01-01,59272.96
p52,2055,2055-01-02,56794.83
p52,2055,2055-01-03,56442.6
p52,2055,2055-01-04,68006.78
p52,2055,2055-01-05,68004.5
p52,2055,2055-01-06,68391.81
p52,2055,2055-01-07,68033.77
p52,2055,2055-01-08,68056.17
p52,2055,2055-01-09,55762.75
p52,2055,2055-01-10,56210.840000000004
p52,2055,2055-01-11,67372.23
p52,2055,2055-01-12,66196.87
p52,2055,2055-01-13,66013.09
p52,2055,2055-01-14,66868.97
p52,2055,2055-01-15,67972.22
p52,2055,2055-01-16,55337.35
p52,2055,2055-01-17,56530.31
p52,2055,2055-01-18,58775.43
p52,2055,2055-01-19,67912.09
p52,2055,2055-01-20,67094.11
p52,2055,2055-12-23,100524.53
p52,2055,2055-12-24,85124.65999999999
p52,2055,2055-12-25,84615.28
p52,2055,2055-12-26,96996.15
p52,2055,2055-12-27,102308.08
p52,2055,2055-12-28,103944.09999999999
p52,2055,2055-12-29,104309.37999999999
p52,2055,2055-12-30,104081.42
p52,2055,2055-12-31,87625.04
p52,2056,2056-01-01,51272.36
p52,2056,2056-01-02,53801.27
p52,2056,2056-01-03,64603.06
p52,2056,2056-01-04,65710.72
p52,2056,2056-01-05,66809.83
p52,2056,2056-01-06,66311.69
p52,2056,2056-01-07,64893.94
p52,2056,2056-01-08,52456.16
p52,2056,2056-01-09,53468.49
p52,2056,2056-01-10,64968.39
p52,2056,2056-01-11,65681.84
p52,2056,2056-01-12,67140.36
p52,2056,2056-01-13,67438.34
p52,2056,2056-01-14,67191.0
p52,2056,2056-01-15,54329.409999999996
p52,2056,2056-01-16,53210.08
p52,2056,2056-01-17,55057.06
p52,2056,2056-01-18,65185.33
p52,2056,2056-01-19,65447.47
p52,2056,2056-01-20,65689.8
p52,2056,2056-01-21,66387.9
p52,2056,2056-01-22,53786.12
p52,2056,2056-01-23,53441.119999999995
p52,2056,2056-01-24,64658.9
p52,2056,2056-01-25,64664.28999999999
p52,2056,2056-01-26,64750.59
p52,2056,2056-01-28,64717.47
p52,2056,2056-01-29,53048.64
p52,2056,2056-01-30,52519.840000000004
p52,2056,2056-02-04,59982.75
p52,2056,2056-02-05,50884.7
p52,2056,2056-02-06,51069.14
p52,2056,2056-12-19,97822.65
p52,2056,2056-12-20,98870.34
p52,2056,2056-12-21,100252.54
p52,2056,2056-12-22,101204.36
p52,2056,2056-12-23,97379.84
p52,2056,2056-12-24,97098.68
p52,2056,2056-12-25,84059.33
p52,2056,2056-12-26,100803.92000000001
p52,2056,2056-12-27,101456.63
p52,2056,2056-12-28,101518.26999999999
p52,2056,2056-12-29,102847.06
p52,2056,2056-12-30,99592.66
p52,2056,2056-12-31,99164.85
p52,2057,2057-01-01,51680.76
p52,2057,2057-01-02,62080.009999999995
p52,2057,2057-01-03,63184.71
p52,2057,2057-01-04,63863.43
p52,2057,2057-01-05,64729.96000000001
p52,2057,2057-01-06,53440.13
p52,2057,2057-01-07,53506.159999999996
p52,2057,2057-01-08,64656.46
p52,2057,2057-01-09,64645.55
p52,2057,2057-01-10,63664.54
p52,2057,2057-01-11,63177.71000000001
p52,2057,2057-01-12,64306.0
p52,2057,2057-01-13,52313.54
p52,2057,2057-01-14,52350.83
p52,2057,2057-01-15,54676.97
p52,2057,2057-01-16,64480.75
p52,2057,2057-01-17,64238.73
p52,2057,2057-01-18,63593.03
p52,2057,2057-01-19,64114.64
p52,2057,2057-01-20,51409.600000000006
p52,2057,2057-01-21,50100.0
p52,2057,2057-01-22,61559.649999999994
p52,2057,2057-01-23,63721.090000000004
p52,2057,2057-01-24,63197.48
p52,2057,2057-01-25,60636.97
p52,2057,2057-01-26,61366.56
p52,2057,2057-01-27,49952.29
p52,2057,2057-01-28,50200.74
p52,2057,2057-01-29,61594.66
p52,2057,2057-01-30,63311.159999999996
p52,2057,2057-01-31,62771.32
p52,2057,2057-02-01,58716.54
p52,2057,2057-02-02,59029.450000000004
p52,2057,2057-02-03,47831.12
p52,2057,2057-02-06,57882.27
p52,2057,2057-02-07,58594.39
p52,2057,2057-02-08,59066.86
p52,2057,2057-02-09,59595.270000000004
p52,2057,2057-02-10,48568.71
p52,2057,2057-02-11,47951.8
p52,2057,2057-02-12,57935.18
p52,2057,2057-02-13,57827.090000000004
p52,2057,2057-02-15,57192.68
p52,2057,2057-02-16,58957.119999999995
p52,2057,2057-02-17,48450.85
p52,2057,2057-12-16,94731.02
p52,2057,2057-12-17,97969.4
p52,2057,2057-12-18,98728.01999999999
p52,2057,2057-12-19,97600.23
p52,2057,2057-12-20,97766.06999999999
p52,2057,2057-12-21,99318.59
p52,2057,2057-12-22,95492.77
p52,2057,2057-12-23,95161.89
p52,2057,2057-12-24,98706.41
p52,2057,2057-12-25,83840.99
p52,2057,2057-12-26,99628.96
p52,2057,2057-12-27,98687.21
p52,2057,2057-12-28,100048.23000000001
p52,2057,2057-12-29,97604.15999999999
p52,2057,2057-12-30,97787.45
p52,2057,2057-12-31,101624.6
p52,2058,2058-01-01,52738.8
p52,2058,2058-01-02,63491.36
p52,2058,2058-01-03,62789.83
p52,2058,2058-01-04,63255.729999999996
p52,2058,2058-01-05,50282.920000000006
p52,2058,2058-01-06,49760.09
p52,2058,2058-01-07,61226.07
p52,2058,2058-01-08,62475.16
p52,2058,2058-01-09,63214.28999999999
p52,2058,2058-01-10,63142.26
p52,2058,2058-01-11,63591.53
p52,2058,2058-01-12,50866.259999999995
p52,2058,2058-01-13,50155.61
p52,2058,2058-01-14,61563.340000000004
p52,2058,2058-01-15,62055.87
p52,2058,2058-01-16,60853.61
p52,2058,2058-01-17,61482.25
p52,2058,2058-01-18,63002.909999999996
p52,2058,2058-01-19,49886.880000000005
p52,2058,2058-01-20,47689.34
p52,2058,2058-01-21,48410.74
p52,2058,2058-01-22,59783.45
p52,2058,2058-01-23,60702.28999999999
p52,2058,2058-01-24,61024.37
p52,2058,2058-01-25,62114.799999999996
p52,2058,2058-01-26,50512.07
p52,2058,2058-01-27,49476.340000000004
p52,2058,2058-01-28,60409.93
p52,2058,2058-01-29,59977.33
p52,2058,2058-01-30,59768.12
p52,2058,2058-01-31,58983.83
p52,2058,2058-02-01,56746.090000000004
p52,2058,2058-02-02,47035.18
p52,2058,2058-02-03,46914.880000000005
p52,2058,2058-02-04,56101.340000000004
p52,2058,2058-02-05,56124.08
p52,2058,2058-02-06,55760.270000000004
p52,2058,2058-02-07,56199.67
p52,2058,2058-02-08,56691.78999999999
p52,2058,2058-02-09,45608.91
p52,2058,2058-02-10,45579.92
p52,2058,2058-02-11,56299.36
p52,2058,2058-02-12,56279.38
p52,2058,2058-02-13,54144.530000000006
p52,2058,2058-02-14,54411.26
p52,2058,2058-02-15,55513.19
p52,2058,2058-02-16,45600.44
p52,2058,2058-02-17,46003.63
p52,2058,2058-02-18,47947.009999999995
p52,2058,2058-02-19,56489.32
p52,2058,2058-02-20,55363.60999999999
p52,2058,2058-12-12,95646.31
p52,2058,2058-12-13,95516.04999999999
p52,2058,2058-12-14,92634.12
p52,2058,2058-12-15,93131.93000000001
p52,2058,2058-12-16,95907.81999999999
p52,2058,2058-12-17,96365.0
p52,2058,2058-12-18,95956.0
p52,2058,2058-12-19,95830.98
p52,2058,2058-12-20,97960.95999999999
p52,2058,2058-12-21,94889.0
p52,2058,2058-12-22,93080.1
p52,2058,2058-12-23,95824.66
p52,2058,2058-12-24,97958.7
p52,2058,2058-12-25,81757.43000000001
p52,2058,2058-12-26,98400.15000000001
p52,2058,2058-12-27,101063.77
p52,2058,2058-12-28,98145.8
p52,2058,2058-12-29,97710.40999999999
p52,2058,2058-12-30,100453.26
p52,2058,2058-12-31,100729.73000000001
p52,2059,2059-01-01,48964.06
p52,2059,2059-01-02,59557.75
p52,2059,2059-01-03,60723.34
p52,2059,2059-01-04,49352.88
p52,2059,2059-01-05,49472.630000000005
p52,2059,2059-01-06,60895.03999999999
p52,2059,2059-01-07,60475.13
p52,2059,2059-01-08,60353.29
p52,2059,2059-01-09,60756.17
p52,2059,2059-01-10,60738.23
p52,2059,2059-01-11,47803.92999999999
p52,2059,2059-01-12,47907.27
p52,2059,2059-01-13,60296.04
p52,2059,2059-01-14,59895.41
p52,2059,2059-01-15,58258.61
p52,2059,2059-01-16,57659.590000000004
p52,2059,2059-01-17,59864.34
p52,2059,2059-01-18,47770.33
p52,2059,2059-01-19,47495.06
p52,2059,2059-01-20,49521.159999999996
p52,2059,2059-01-21,60135.91
p52,2059,2059-01-22,59475.56
p52,2059,2059-01-23,59483.98
p52,2059,2059-01-24,59578.95
p52,2059,2059-01-25,46585.049999999996
p52,2059,2059-01-26,46759.86
p52,2059,2059-01-27,58164.74
p52,2059,2059-01-28,59359.59
p52,2059,2059-01-29,59466.17
p52,2059,2059-01-30,59483.06
p52,2059,2059-01-31,58413.58
p52,2059,2059-02-01,44372.479999999996
p52,2059,2059-02-02,44569.14
p52,2059,2059-02-03,53440.770000000004
p52,2059,2059-02-04,52843.13
p52,2059,2059-02-05,53419.25
p52,2059,2059-02-06,54498.62
p52,2059,2059-02-07,54682.4
p52,2059,2059-02-08,42690.73
p52,2059,2059-02-09,42265.549999999996
p52,2059,2059-02-10,53032.549999999996
p52,2059,2059-02-11,53650.27
p52,2059,2059-02-12,54165.3
p52,2059,2059-02-13,54965.21
p52,2059,2059-02-14,56347.89
p52,2059,2059-02-15,44891.350000000006
p52,2059,2059-02-16,44210.17
p52,2059,2059-02-17,44693.42
p52,2059,2059-02-18,53743.42
p52,2059,2059-02-19,52834.3
p52,2059,2059-02-20,52765.05
p52,2059,2059-02-21,54354.52
p52,2059,2059-02-22,44589.18
p52,2059,2059-12-10,93695.37
p52,2059,2059-12-11,93632.10999999999
p52,2059,2059-12-12,94076.54
p52,2059,2059-12-13,90498.97
p52,2059,2059-12-14,90917.42
p52,2059,2059-12-15,94718.1
p52,2059,2059-12-16,95116.53
p52,2059,2059-12-17,93489.25
p52,2059,2059-12-18,93973.43
p52,2059,2059-12-19,95093.53
p52,2059,2059-12-20,92939.32999999999
p52,2059,2059-12-21,93616.25
p52,2059,2059-12-22,96900.59
p52,2059,2059-12-23,98413.74
p52,2059,2059-12-24,98156.53
p52,2059,2059-12-25,80965.41
p52,2059,2059-12-26,97503.56
p52,2059,2059-12-27,94838.71
p52,2059,2059-12-28,95582.03
p52,2059,2059-12-29,99237.15
p52,2059,2059-12-30,100641.11
p52,2059,2059-12-31,101309.44
p52,2060,2060-01-01,48491.37
p52,2060,2060-01-02,58970.87
p52,2060,2060-01-03,46482.659999999996
p52,2060,2060-01-04,46879.81999999999
p52,2060,2060-01-05,57821.06
p52,2060,2060-01-06,57546.61
p52,2060,2060-01-07,57648.49
p52,2060,2060-01-08,59048.05
p52,2060,2060-01-09,59263.27
p52,2060,2060-01-10,45056.479999999996
p52,2060,2060-01-11,44531.85
p52,2060,2060-01-12,56938.97
p52,2060,2060-01-13,57580.990000000005
p52,2060,2060-01-14,57685.58
p52,2060,2060-01-15,59113.83
p52,2060,2060-01-16,59736.51
p52,2060,2060-01-17,47503.05
p52,2060,2060-01-18,46454.85
p52,2060,2060-01-19,46398.95
p52,2060,2060-01-20,56401.590000000004
p52,2060,2060-01-21,56312.159999999996
p52,2060,2060-01-22,56786.5
p52,2060,2060-01-23,58629.59
p52,2060,2060-01-24,47014.44
p52,2060,2060-01-25,46080.17
p52,2060,2060-01-26,56694.53
p52,2060,2060-01-27,56468.31
p52,2060,2060-01-28,56979.350000000006
p52,2060,2060-01-29,56443.68
p52,2060,2060-01-30,56412.06
p52,2060,2060-01-31,43828.5
p52,2060,2060-02-01,42774.72
p52,2060,2060-02-02,52006.03999999999
p52,2060,2060-02-03,50089.979999999996
p52,2060,2060-02-04,49721.24
p52,2060,2060-02-05,51142.68
p52,2060,2060-02-06,51980.990000000005
p52,2060,2060-02-07,42090.44
p52,2060,2060-02-08,43017.030000000006
p52,2060,2060-02-09,53144.57
p52,2060,2060-02-10,53121.32
p52,2060,2060-02-11,52487.28
p52,2060,2060-02-12,52087.16
p52,2060,2060-02-13,51928.64
p52,2060,2060-02-14,42119.06
p52,2060,2060-02-15,41994.119999999995
p52,2060,2060-02-16,43036.64
p52,2060,2060-02-17,53654.590000000004
p52,2060,2060-02-18,53516.600000000006
p52,2060,2060-02-19,51597.47
p52,2060,2060-02-20,51202.12
p52,2060,2060-02-21,41858.33
p52,2060,2060-02-22,41601.0
p52,2060,2060-12-08,90664.69
p52,2060,2060-12-09,92608.98000000001
p52,2060,2060-12-10,93574.7
p52,2060,2060-12-11,89667.11
p52,2060,2060-12-12,89430.65000000001
p52,2060,2060-12-13,90974.51
p52,2060,2060-12-14,92154.96
p52,2060,2060-12-15,93568.37
p52,2060,2060-12-16,95433.86
p52,2060,2060-12-17,96494.98
p52,2060,2060-12-18,93572.93000000001
p52,2060,2060-12-19,92238.23
p52,2060,2060-12-20,93783.42000000001
p52,2060,2060-12-21,94661.41
p52,2060,2060-12-22,94998.61
p52,2060,2060-12-23,96479.41
p52,2060,2060-12-24,80886.88
p52,2060,2060-12-25,81478.81999999999
p52,2060,2060-12-26,94820.97
p52,2060,2060-12-27,97264.99
p52,2060,2060-12-28,98317.68
p52,2060,2060-12-29,99124.5
p52,2060,2060-12-30,99276.52
p52,2060,2060-12-31,81634.08
p52,2061,2061-01-01,39447.53
p52,2061,2061-01-02,45094.28
p52,2061,2061-01-03,55543.83
p52,2061,2061-01-04,54532.939999999995
p52,2061,2061-01-05,54298.64
p52,2061,2061-01-06,55527.82
p52,2061,2061-01-07,56249.66
p52,2061,2061-01-08,44871.05
p52,2061,2061-01-09,45921.83
p52,2061,2061-01-10,56920.100000000006
p52,2061,2061-01-11,56658.37
p52,2061,2061-01-12,56380.49
p52,2061,2061-01-13,55691.6
p52,2061,2061-01-14,55659.28
p52,2061,2061-01-15,44361.23
p52,2061,2061-01-16,44264.04
p52,2061,2061-01-17,45763.03999999999
p52,2061,2061-01-18,56758.48
p52,2061,2061-01-19,56298.24
p52,2061,2061-01-20,55281.81
p52,2061,2061-01-21,55183.28
p52,2061,2061-01-22,43710.05
p52,2061,2061-01-23,43880.05
p52,2061,2061-01-24,53941.26
p52,2061,2061-01-25,53912.490000000005
p52,2061,2061-01-26,55342.700000000004
p52,2061,2061-01-27,54422.44
p52,2061,2061-01-28,53426.75
p52,2061,2061-01-29,41325.95
p52,2061,2061-01-30,42263.92
p52,2061,2061-01-31,52344.47
p52,2061,2061-02-01,49849.11
p52,2061,2061-02-02,51442.5
p52,2061,2061-02-03,51286.64
p52,2061,2061-02-04,51000.990000000005
p52,2061,2061-02-05,40528.130000000005
p52,2061,2061-02-06,39807.35
p52,2061,2061-02-07,48942.06
p52,2061,2061-02-08,49736.55
p52,2061,2061-02-09,50406.42
p52,2061,2061-02-10,51099.270000000004
p52,2061,2061-02-11,52040.28
p52,2061,2061-02-12,41479.24
p52,2061,2061-02-13,40380.549999999996
p52,2061,2061-02-14,49891.270000000004
p52,2061,2061-02-15,50002.060000000005
p52,2061,2061-02-16,49986.67
p52,2061,2061-02-17,49792.240000000005
p52,2061,2061-02-18,50600.8
p52,2061,2061-02-19,40210.3
p52,2061,2061-02-20,39173.299999999996
p52,2061,2061-02-21,37676.0
p52,2061,2061-02-22,47389.64
p52,2061,2061-02-23,47973.62
p52,2061,2061-02-24,47658.66
p52,2061,2061-02-25,48980.02
p52,2061,2061-02-26,39404.41
p52,2061,2061-12-04,89250.45999999999
p52,2061,2061-12-05,89834.84999999999
p52,2061,2061-12-07,88763.27
p52,2061,2061-12-08,89459.28000000001
p52,2061,2061-12-09,90843.16
p52,2061,2061-12-10,90567.75
p52,2061,2061-12-11,90894.44
p52,2061,2061-12-12,92416.07
p52,2061,2061-12-13,91592.41
p52,2061,2061-12-14,91515.95999999999
p52,2061,2061-12-15,92203.73
p52,2061,2061-12-16,92946.64000000001
p52,2061,2061-12-17,91426.15
p52,2061,2061-12-18,92073.98
p52,2061,2061-12-19,93443.14
p52,2061,2061-12-20,94704.65
p52,2061,2061-12-21,95323.28
p52,2061,2061-12-22,94819.69
p52,2061,2061-12-23,95776.11
p52,2061,2061-12-24,94081.95000000001
p52,2061,2061-12-25,79704.94
p52,2061,2061-12-26,76871.12
p52,2061,2061-12-27,95872.86
p52,2061,2061-12-28,98024.43
p52,2061,2061-12-29,97964.67
p52,2061,2061-12-30,96879.48
p52,2061,2061-12-31,94476.11
p52,2062,2062-01-01,36511.22
p52,2062,2062-01-02,42491.34
p52,2062,2062-01-03,53667.86
p52,2062,2062-01-04,55397.06
p52,2062,2062-01-05,55688.520000000004
p52,2062,2062-01-06,55796.86
p52,2062,2062-01-07,43277.83
p52,2062,2062-01-08,42719.14000000001
p52,2062,2062-01-09,53248.93
p52,2062,2062-01-10,53389.53
p52,2062,2062-01-11,53929.08
p52,2062,2062-01-12,54805.13
p52,2062,2062-01-13,55802.25
p52,2062,2062-01-14,43738.6
p52,2062,2062-01-15,43030.68
p52,2062,2062-01-16,42502.81
p52,2062,2062-01-17,54130.509999999995
p52,2062,2062-01-18,53705.75
p52,2062,2062-01-19,52464.520000000004
p52,2062,2062-01-20,53073.46
p52,2062,2062-01-21,42271.38
p52,2062,2062-01-22,41537.79
p52,2062,2062-01-23,50865.3
p52,2062,2062-01-24,51225.939999999995
p52,2062,2062-01-25,51606.74
p52,2062,2062-01-26,52144.549999999996
p52,2062,2062-01-27,52823.44
p52,2062,2062-01-28,42523.37
p52,2062,2062-01-29,42462.579999999994
p52,2062,2062-01-30,52758.76
p52,2062,2062-01-31,51533.15
p52,2062,2062-02-01,47759.89
p52,2062,2062-02-02,47754.77
p52,2062,2062-02-03,48056.45
p52,2062,2062-02-04,38239.99
p52,2062,2062-02-05,38725.31
p52,2062,2062-02-06,48579.69
p52,2062,2062-02-07,49152.96
p52,2062,2062-02-08,48577.659999999996
p52,2062,2062-02-09,48250.12
p52,2062,2062-02-10,49292.17
p52,2062,2062-02-11,38637.13
p52,2062,2062-02-12,37784.89
p52,2062,2062-02-13,47138.61
p52,2062,2062-02-14,49136.219999999994
p52,2062,2062-02-15,47899.770000000004
p52,2062,2062-02-16,46237.61
p52,2062,2062-02-17,47351.12
p52,2062,2062-02-18,37937.479999999996
p52,2062,2062-02-19,37117.64
p52,2062,2062-02-20,36774.98
p52,2062,2062-02-21,48158.84
p52,2062,2062-02-22,48685.01
p52,2062,2062-02-23,47645.01
p52,2062,2062-02-24,47102.5
p52,2062,2062-02-25,37105.2
p52,2062,2062-12-03,87023.61
p52,2062,2062-12-04,87696.0
p52,2062,2062-12-05,88959.81
p52,2062,2062-12-06,90040.62
p52,2062,2062-12-07,90822.51
p52,2062,2062-12-08,90122.98999999999
p52,2062,2062-12-09,88877.0
p52,2062,2062-12-10,89271.61
p52,2062,2062-12-11,88951.06
p52,2062,2062-12-12,89864.17
p52,2062,2062-12-13,89958.33
p52,2062,2062-12-14,91168.56
p52,2062,2062-12-15,93147.06999999999
p52,2062,2062-12-16,91720.65
p52,2062,2062-12-17,91210.71
p52,2062,2062-12-18,92144.06000000001
p52,2062,2062-12-19,92374.65
p52,2062,2062-12-20,92532.12
p52,2062,2062-12-21,92505.93
p52,2062,2062-12-22,93449.37000000001
p52,2062,2062-12-23,93246.36
p52,2062,2062-12-24,93006.70999999999
p52,2062,2062-12-25,75269.51000000001
p52,2062,2062-12-26,92513.03
p52,2062,2062-12-27,94581.6
p52,2062,2062-12-28,95741.81000000001
p52,2062,2062-12-29,97182.92
p52,2062,2062-12-30,96048.53
p52,2062,2062-12-31,96329.5
p52,2063,2063-01-01,41396.979999999996
p52,2063,2063-01-02,52055.44
p52,2063,2063-01-03,51445.700000000004
p52,2063,2063-01-04,51525.17
p52,2063,2063-01-05,52303.57000000001
p52,2063,2063-01-06,41356.69
p52,2063,2063-01-07,41500.5
p52,2063,2063-01-08,52883.75
p52,2063,2063-01-09,53428.4
p52,2063,2063-01-10,52180.35
p52,2063,2063-01-11,51687.29
p52,2063,2063-01-12,52958.72
p52,2063,2063-01-13,41190.520000000004
p52,2063,2063-01-14,39959.05
p52,2063,2063-01-15,40360.51
p52,2063,2063-01-16,52076.85
p52,2063,2063-01-17,51974.76
p52,2063,2063-01-18,49747.71000000001
p52,2063,2063-01-19,49872.09
p52,2063,2063-01-20,39370.41
p52,2063,2063-01-21,39115.23
p52,2063,2063-01-22,49765.95
p52,2063,2063-01-23,52131.14
p52,2063,2063-01-24,52586.47
p52,2063,2063-01-25,51188.7
p52,2063,2063-01-26,51528.48
p52,2063,2063-01-27,39304.86
p52,2063,2063-01-28,38903.82
p52,2063,2063-01-29,49341.79
p52,2063,2063-01-30,50526.75
p52,2063,2063-01-31,49941.68
p52,2063,2063-02-01,47275.64
p52,2063,2063-02-02,48194.61
p52,2063,2063-02-03,36788.54
p52,2063,2063-02-04,36005.37
p52,2063,2063-02-05,45743.64
p52,2063,2063-02-06,45983.82
p52,2063,2063-02-07,45418.270000000004
p52,2063,2063-02-08,45831.08
p52,2063,2063-02-09,47650.840000000004
p52,2063,2063-02-10,36827.020000000004
p52,2063,2063-02-11,34856.299999999996
p52,2063,2063-02-12,44164.93
p52,2063,2063-02-13,45330.92
p52,2063,2063-02-14,46034.65
p52,2063,2063-02-15,45774.049999999996
p52,2063,2063-02-16,47748.729999999996
p52,2063,2063-02-17,38284.770000000004
p52,2063,2063-02-18,37452.61
p52,2063,2063-02-19,35621.16
p52,2063,2063-02-20,44321.310000000005
p52,2063,2063-02-21,44629.62
p52,2063,2063-02-22,45025.9
p52,2063,2063-02-23,45732.04
p52,2063,2063-02-24,35666.2
p52,2063,2063-02-25,36226.5
p52,2063,2063-02-26,44796.79
p52,2063,2063-02-27,44428.17
p52,2063,2063-02-28,42441.46
p52,2063,2063-11-29,82357.8
p52,2063,2063-11-30,84055.51999999999
p52,2063,2063-12-01,87271.5
p52,2063,2063-12-02,88077.37999999999
p52,2063,2063-12-03,87225.47
p52,2063,2063-12-04,87509.24
p52,2063,2063-12-05,87492.11
p52,2063,2063-12-06,87135.49
p52,2063,2063-12-07,88303.88
p52,2063,2063-12-08,87510.93999999999
p52,2063,2063-12-09,88386.23
p52,2063,2063-12-10,90120.23
p52,2063,2063-12-11,90030.15
p52,2063,2063-12-12,89560.53000000001
p52,2063,2063-12-13,88778.2
p52,2063,2063-12-14,90151.73999999999
p52,2063,2063-12-15,89809.92
p52,2063,2063-12-16,89289.84
p52,2063,2063-12-17,90125.28
p52,2063,2063-12-18,92267.40000000001
p52,2063,2063-12-19,91047.17
p52,2063,2063-12-20,89608.09
p52,2063,2063-12-21,90919.22
p52,2063,2063-12-22,90606.16
p52,2063,2063-12-23,91207.82
p52,2063,2063-12-24,92772.32
p52,2063,2063-12-25,76760.35
p52,2063,2063-12-26,94698.45
p52,2063,2063-12-27,94866.94
p52,2063,2063-12-28,95667.98
p52,2063,2063-12-29,93624.54000000001
p52,2063,2063-12-30,93366.98000000001
p52,2063,2063-12-31,95059.34
p52,2064,2064-01-01,38978.6
p52,2064,2064-01-02,50452.28
p52,2064,2064-01-03,50808.18
p52,2064,2064-01-04,51875.03
p52,2064,2064-01-05,39561.22
p52,2064,2064-01-06,39049.03
p52,2064,2064-01-07,49625.57
p52,2064,2064-01-08,50151.17999999999
p52,2064,2064-01-09,49537.83
p52,2064,2064-01-10,49222.91
p52,2064,2064-01-11,51033.23
p52,2064,2064-01-12,39387.95
p52,2064,2064-01-13,37273.28
p52,2064,2064-01-14,47086.82
p52,2064,2064-01-15,49033.880000000005
p52,2064,2064-01-16,48821.89
p52,2064,2064-01-17,49674.42
p52,2064,2064-01-18,51269.35
p52,2064,2064-01-19,39960.76
p52,2064,2064-01-20,38903.15
p52,2064,2064-01-21,37676.13
p52,2064,2064-01-22,48044.94
p52,2064,2064-01-23,48407.380000000005
p52,2064,2064-01-24,48668.85
p52,2064,2064-01-25,49108.92
p52,2064,2064-01-26,38532.170000000006
p52,2064,2064-01-27,38483.55
p52,2064,2064-01-28,49114.35
p52,2064,2064-01-29,48490.49
p52,2064,2064-01-30,48290.71
p52,2064,2064-01-31,47394.71
p52,2064,2064-02-01,44834.200000000004
p52,2064,2064-02-02,34328.57
p52,2064,2064-02-03,33871.74
p52,2064,2064-02-04,43796.97
p52,2064,2064-02-05,44056.799999999996
p52,2064,2064-02-06,42114.229999999996
p52,2064,2064-02-07,42318.7
p52,2064,2064-02-08,44153.770000000004
p52,2064,2064-02-09,34227.18
p52,2064,2064-02-10,34444.549999999996
p52,2064,2064-02-11,45035.5
p52,2064,2064-02-12,46049.3
p52,2064,2064-02-13,44986.399999999994
p52,2064,2064-02-14,44868.68
p52,2064,2064-02-15,44266.85
p52,2064,2064-02-16,34033.729999999996
p52,2064,2064-02-17,34468.44
p52,2064,2064-02-18,34496.73
p52,2064,2064-02-19,44101.54
p52,2064,2064-02-20,43777.71
p52,2064,2064-02-21,44401.15
p52,2064,2064-02-22,44448.37
p52,2064,2064-02-23,33680.6
p52,2064,2064-02-24,33287.31
p52,2064,2064-02-25,42618.46
p52,2064,2064-02-26,41747.939999999995
p52,2064,2064-02-27,41913.100000000006
p52,2064,2064-02-28,41190.450000000004
p52,2064,2064-02-29,42667.770000000004
p52,2064,2064-11-25,82359.8
p52,2064,2064-11-26,82580.31
p52,2064,2064-11-27,65506.45
p52,2064,2064-11-28,82155.83
p52,2064,2064-11-29,81096.79
p52,2064,2064-11-30,81422.16
p52,2064,2064-12-01,84648.19
p52,2064,2064-12-02,86548.51999999999
p52,2064,2064-12-03,86872.74
p52,2064,2064-12-04,87753.43
p52,2064,2064-12-05,88588.66
p52,2064,2064-12-06,87286.11
p52,2064,2064-12-07,87189.65
p52,2064,2064-12-08,86693.21
p52,2064,2064-12-09,87639.92
p52,2064,2064-12-10,87867.58
p52,2064,2064-12-11,87840.91
p52,2064,2064-12-12,89780.65000000001
p52,2064,2064-12-13,87873.09
p52,2064,2064-12-14,86477.20999999999
p52,2064,2064-12-15,87210.83
p52,2064,2064-12-16,89428.61
p52,2064,2064-12-17,89806.20999999999
p52,2064,2064-12-18,90684.55
p52,2064,2064-12-19,91921.3
p52,2064,2064-12-20,91177.43
p52,2064,2064-12-21,90960.08
p52,2064,2064-12-22,90857.87999999999
p52,2064,2064-12-23,91607.02
p52,2064,2064-12-24,91771.02
p52,2064,2064-12-25,74417.42
p52,2064,2064-12-26,93234.8
p52,2064,2064-12-27,92863.7
p52,2064,2064-12-28,93768.91
p52,2064,2064-12-29,95197.55
p52,2064,2064-12-30,95355.15
p52,2064,2064-12-31,95306.93000000001
p52,2065,2065-01-01,36986.5
p52,2065,2065-01-02,48433.66
p52,2065,2065-01-03,36378.0
p52,2065,2065-01-04,36687.75
p52,2065,2065-01-05,48142.16
p52,2065,2065-01-06,48056.65
p52,2065,2065-01-07,45847.10999999999
p52,2065,2065-01-08,45967.71
p52,2065,2065-01-09,48023.33
p52,2065,2065-01-10,36619.46
p52,2065,2065-01-11,36615.71
p52,2065,2065-01-12,48374.52
p52,2065,2065-01-13,49161.0
p52,2065,2065-01-14,48249.19
p52,2065,2065-01-15,47895.31
p52,2065,2065-01-16,47468.46
p52,2065,2065-01-17,36439.81
p52,2065,2065-01-18,36174.520000000004
p52,2065,2065-01-19,35891.09
p52,2065,2065-01-20,47292.81
p52,2065,2065-01-21,47368.56
p52,2065,2065-01-22,47159.47
p52,2065,2065-01-23,47855.740000000005
p52,2065,2065-01-24,36256.409999999996
p52,2065,2065-01-25,35649.02
p52,2065,2065-01-26,45953.18
p52,2065,2065-01-27,45300.52
p52,2065,2065-01-28,45906.55
p52,2065,2065-01-29,46636.63
p52,2065,2065-01-30,46822.08
p52,2065,2065-01-31,32972.57
p52,2065,2065-02-01,30797.48
p52,2065,2065-02-02,41245.35
p52,2065,2065-02-03,41343.87
p52,2065,2065-02-04,41397.11
p52,2065,2065-02-05,43097.46
p52,2065,2065-02-06,44095.22
p52,2065,2065-02-07,33573.759999999995
p52,2065,2065-02-08,32866.51
p52,2065,2065-02-09,41570.83
p52,2065,2065-02-10,41832.2
p52,2065,2065-02-11,42026.81
p52,2065,2065-02-12,42810.22
p52,2065,2065-02-13,43508.99
p52,2065,2065-02-14,34065.58
p52,2065,2065-02-15,33337.38
p52,2065,2065-02-16,31965.429999999997
p52,2065,2065-02-17,42717.450000000004
p52,2065,2065-02-18,42908.07
p52,2065,2065-02-19,41303.02
p52,2065,2065-02-20,40316.44
p52,2065,2065-02-21,31444.300000000003
p52,2065,2065-02-22,32307.35
p52,2065,2065-02-23,40411.79
p52,2065,2065-02-24,38555.33
p52,2065,2065-02-25,39062.549999999996
p52,2065,2065-02-26,39423.56
p52,2065,2065-02-27,40034.03
p52,2065,2065-02-28,29277.44
p52,2065,2065-03-01,31230.46
p52,2065,2065-03-02,39075.3
p52,2065,2065-11-26,62176.64
p52,2065,2065-11-27,81453.75
p52,2065,2065-11-28,80556.09
p52,2065,2065-11-29,80998.04000000001
p52,2065,2065-11-30,82019.13
p52,2065,2065-12-01,84776.54000000001
p52,2065,2065-12-02,85271.38
p52,2065,2065-12-03,85409.90000000001
p52,2065,2065-12-04,86122.42
p52,2065,2065-12-05,85555.52
p52,2065,2065-12-06,85408.34999999999
p52,2065,2065-12-07,86448.29
p52,2065,2065-12-08,85838.70999999999
p52,2065,2065-12-09,84658.53
p52,2065,2065-12-10,85819.0
p52,2065,2065-12-11,87047.61
p52,2065,2065-12-12,87001.85
p52,2065,2065-12-13,86452.75
p52,2065,2065-12-14,87874.26999999999
p52,2065,2065-12-15,89792.09
p52,2065,2065-12-16,89569.53
p52,2065,2065-12-17,89225.17
p52,2065,2065-12-18,89717.08
p52,2065,2065-12-19,88057.96
p52,2065,2065-12-20,88360.37
p52,2065,2065-12-21,89783.02
p52,2065,2065-12-22,90934.04999999999
p52,2065,2065-12-23,92062.05
p52,2065,2065-12-24,92551.79
p52,2065,2065-12-25,74393.19
p52,2065,2065-12-26,90706.61
p52,2065,2065-12-27,91554.13
p52,2065,2065-12-28,92619.17000000001
p52,2065,2065-12-29,92744.56999999999
p52,2065,2065-12-30,93426.87
p52,2065,2065-12-31,95100.09999999999
p52,2066,2066-01-01,35275.32
p52,2066,2066-01-02,33456.770000000004
p52,2066,2066-01-03,32976.07
p52,2066,2066-01-04,44616.549999999996
p52,2066,2066-01-05,45203.9
p52,2066,2066-01-06,45695.58
p52,2066,2066-01-07,46744.6
p52,2066,2066-01-08,48103.49
p52,2066,2066-01-09,36497.39
p52,2066,2066-01-10,35251.06
p52,2066,2066-01-11,44537.020000000004
p52,2066,2066-01-12,44940.72
p52,2066,2066-01-13,45096.16
p52,2066,2066-01-14,45423.07
p52,2066,2066-01-15,46964.48
p52,2066,2066-01-16,35918.49
p52,2066,2066-01-17,35962.79
p52,2066,2066-01-18,34313.59
p52,2066,2066-01-19,44747.950000000004
p52,2066,2066-01-20,44733.91
p52,2066,2066-01-21,44143.729999999996
p52,2066,2066-01-22,43858.9
p52,2066,2066-01-23,33912.25
p52,2066,2066-01-24,34753.4
p52,2066,2066-01-25,43508.01
p52,2066,2066-01-26,42468.54
p52,2066,2066-01-27,42070.07
p52,2066,2066-01-28,43516.08
p52,2066,2066-01-29,43991.53
p52,2066,2066-01-30,33419.54
p52,2066,2066-01-31,33431.979999999996
p52,2066,2066-02-01,41118.77
p52,2066,2066-02-02,41411.72
p52,2066,2066-02-03,40135.270000000004
p52,2066,2066-02-04,39254.299999999996
p52,2066,2066-02-05,39940.36
p52,2066,2066-02-06,30365.29
p52,2066,2066-02-07,30830.460000000003
p52,2066,2066-02-08,40615.49
p52,2066,2066-02-09,41605.56
p52,2066,2066-02-10,41653.21
p52,2066,2066-02-11,40880.43
p52,2066,2066-02-12,41270.25
p52,2066,2066-02-13,31096.01
p52,2066,2066-02-14,31064.68
p52,2066,2066-02-15,28641.0
p52,2066,2066-02-16,39726.46
p52,2066,2066-02-17,41564.9
p52,2066,2066-02-18,40832.740000000005
p52,2066,2066-02-19,38097.25
p52,2066,2066-02-20,27910.629999999997
p52,2066,2066-02-21,29155.710000000003
p52,2066,2066-02-22,38509.35
p52,2066,2066-02-23,38874.9
p52,2066,2066-02-24,39381.18000000001
p52,2066,2066-02-25,40297.06
p52,2066,2066-02-26,39626.58
p52,2066,2066-02-27,29324.870000000003
p52,2066,2066-02-28,27385.53
p52,2066,2066-03-01,36187.29
p52,2066,2066-03-02,36370.33
p52,2066,2066-03-03,36605.840000000004
p52,2066,2066-03-04,36004.99
p52,2066,2066-03-05,36735.869999999995
p52,2066,2066-11-23,78870.14
p52,2066,2066-11-24,79568.51000000001
p52,2066,2066-11-25,61878.53
p52,2066,2066-11-26,79697.22
p52,2066,2066-11-27,79543.75
p52,2066,2066-11-28,79187.59
p52,2066,2066-11-29,79099.62000000001
p52,2066,2066-11-30,79615.2
p52,2066,2066-12-01,82863.38
p52,2066,2066-12-02,84922.49
p52,2066,2066-12-03,84579.09
p52,2066,2066-12-04,83454.95
p52,2066,2066-12-05,83541.24
p52,2066,2066-12-06,83556.81999999999
p52,2066,2066-12-07,84566.71
p52,2066,2066-12-08,84457.58
p52,2066,2066-12-09,86475.53
p52,2066,2066-12-10,88429.54000000001
p52,2066,2066-12-11,86934.19
p52,2066,2066-12-12,86251.37
p52,2066,2066-12-13,84608.90999999999
p52,2066,2066-12-14,85280.39
p52,2066,2066-12-15,86631.42
p52,2066,2066-12-16,87969.22
p52,2066,2066-12-17,89325.67
p52,2066,2066-12-18,89393.83
p52,2066,2066-12-19,88486.54000000001
p52,2066,2066-12-20,88029.12000000001
p52,2066,2066-12-21,88994.58
p52,2066,2066-12-22,89342.4
p52,2066,2066-12-23,89917.73999999999
p52,2066,2066-12-24,71918.17
p52,2066,2066-12-25,74881.32
p52,2066,2066-12-26,90282.95999999999
p52,2066,2066-12-27,90624.17000000001
p52,2066,2066-12-28,90055.75
p52,2066,2066-12-29,90571.42
p52,2066,2066-12-30,92208.27
p52,2066,2066-12-31,74386.46
p52,2067,2067-01-01,26136.300000000003
p52,2067,2067-01-02,33916.38
p52,2067,2067-01-03,44294.84
p52,2067,2067-01-04,44655.21
p52,2067,2067-01-05,43865.59
p52,2067,2067-01-06,43384.84
p52,2067,2067-01-07,43420.25
p52,2067,2067-01-08,33122.770000000004
p52,2067,2067-01-09,33596.08
p52,2067,2067-01-10,43578.15
p52,2067,2067-01-11,44433.59
p52,2067,2067-01-12,44663.520000000004
p52,2067,2067-01-13,43780.08
p52,2067,2067-01-14,43785.61
p52,2067,2067-01-15,33524.840000000004
p52,2067,2067-01-16,32780.270000000004
p52,2067,2067-01-17,31326.5
p52,2067,2067-01-18,42642.62
p52,2067,2067-01-19,43389.92
p52,2067,2067-01-20,42420.25
p52,2067,2067-01-21,40747.5
p52,2067,2067-01-22,30058.739999999998
p52,2067,2067-01-23,31499.19
p52,2067,2067-01-24,41778.59
p52,2067,2067-01-25,41691.23
p52,2067,2067-01-26,43306.1
p52,2067,2067-01-27,43362.29
p52,2067,2067-01-28,43731.48
p52,2067,2067-01-29,31875.34
p52,2067,2067-01-30,31301.440000000002
p52,2067,2067-01-31,39649.81
p52,2067,2067-02-01,37708.17
p52,2067,2067-02-02,38834.63
p52,2067,2067-02-03,38730.94
p52,2067,2067-02-04,39434.14
p52,2067,2067-02-05,29974.55
p52,2067,2067-02-06,29042.149999999998
p52,2067,2067-02-07,37790.770000000004
p52,2067,2067-02-08,38687.14
p52,2067,2067-02-09,38522.259999999995
p52,2067,2067-02-10,37883.39
p52,2067,2067-02-11,38752.56
p52,2067,2067-02-12,29949.64
p52,2067,2067-02-13,28920.190000000002
p52,2067,2067-02-14,36444.68
p52,2067,2067-02-15,36202.21
p52,2067,2067-02-16,37457.689999999995
p52,2067,2067-02-17,38454.920000000006
p52,2067,2067-02-18,39388.77
p52,2067,2067-02-19,29340.52
p52,2067,2067-02-20,29035.449999999997
p52,2067,2067-02-21,27442.19
p52,2067,2067-02-22,37869.49
p52,2067,2067-02-23,36908.88
p52,2067,2067-02-24,35982.95
p52,2067,2067-02-25,37357.28
p52,2067,2067-02-26,27531.96
p52,2067,2067-02-27,27696.13
p52,2067,2067-02-28,35272.64
p52,2067,2067-03-01,36545.57
p52,2067,2067-03-02,35354.7
p52,2067,2067-03-03,34856.119999999995
p52,2067,2067-03-04,34499.68
p52,2067,2067-03-05,25552.25
p52,2067,2067-11-22,76087.87
p52,2067,2067-11-23,77371.7
p52,2067,2067-11-24,59339.659999999996
p52,2067,2067-11-25,77431.9
p52,2067,2067-11-26,76982.19
p52,2067,2067-11-27,78662.76999999999
p52,2067,2067-11-28,77521.43000000001
p52,2067,2067-11-29,76559.58
p52,2067,2067-11-30,77355.56
p52,2067,2067-12-01,81666.11
p52,2067,2067-12-02,83084.04
p52,2067,2067-12-03,83539.75
p52,2067,2067-12-04,84720.69
p52,2067,2067-12-05,84527.61
p52,2067,2067-12-06,84164.26000000001
p52,2067,2067-12-07,83902.56999999999
p52,2067,2067-12-08,83075.04
p52,2067,2067-12-09,83950.68
p52,2067,2067-12-10,85365.41
p52,2067,2067-12-11,85245.27
p52,2067,2067-12-12,85147.2
p52,2067,2067-12-13,85491.1
p52,2067,2067-12-14,85876.48999999999
p52,2067,2067-12-15,86408.78
p52,2067,2067-12-16,87219.98
p52,2067,2067-12-17,87503.04000000001
p52,2067,2067-12-18,87469.23000000001
p52,2067,2067-12-19,85323.53000000001
p52,2067,2067-12-20,86581.76000000001
p52,2067,2067-12-21,88605.44
p52,2067,2067-12-22,88075.3
p52,2067,2067-12-23,87395.51000000001
p52,2067,2067-12-24,87484.75
p52,2067,2067-12-25,73587.53
p52,2067,2067-12-26,69392.03
p52,2067,2067-12-27,89762.6
p52,2067,2067-12-28,91970.24
p52,2067,2067-12-29,92933.91
p52,2067,2067-12-30,93001.26000000001
p52,2067,2067-12-31,91593.54
p52,2068,2068-01-01,23549.37
p52,2068,2068-01-02,29240.93
p52,2068,2068-01-03,40624.14
p52,2068,2068-01-04,41833.759999999995
p52,2068,2068-01-05,42266.56
p52,2068,2068-01-06,43503.33
p52,2068,2068-01-07,32473.3
p52,2068,2068-01-08,31709.25
p52,2068,2068-01-09,41305.83
p52,2068,2068-01-10,41436.170000000006
p52,2068,2068-01-11,41174.33
p52,2068,2068-01-12,40654.48
p52,2068,2068-01-13,41496.100000000006
p52,2068,2068-01-14,31765.43
p52,2068,2068-01-15,31236.32
p52,2068,2068-01-16,27721.03
p52,2068,2068-01-17,39394.97
p52,2068,2068-01-18,40234.96
p52,2068,2068-01-19,40048.880000000005
p52,2068,2068-01-20,40774.82
p52,2068,2068-01-21,31110.24
p52,2068,2068-01-22,31285.48
p52,2068,2068-01-23,41061.31
p52,2068,2068-01-24,40989.86
p52,2068,2068-01-25,39499.579999999994
p52,2068,2068-01-26,39526.799999999996
p52,2068,2068-01-27,40032.49999999999
p52,2068,2068-01-28,30190.11
p52,2068,2068-01-29,30108.199999999997
p52,2068,2068-01-30,40704.58
p52,2068,2068-01-31,39673.67
p52,2068,2068-02-01,36565.7
p52,2068,2068-02-02,36729.1
p52,2068,2068-02-03,36951.88
p52,2068,2068-02-04,26893.96
p52,2068,2068-02-05,26225.280000000002
p52,2068,2068-02-06,35178.88
p52,2068,2068-02-07,37117.560000000005
p52,2068,2068-02-08,36522.229999999996
p52,2068,2068-02-09,34737.69
p52,2068,2068-02-10,35470.04
p52,2068,2068-02-11,26660.239999999998
p52,2068,2068-02-12,26842.510000000002
p52,2068,2068-02-13,35730.11
p52,2068,2068-02-14,37959.399999999994
p52,2068,2068-02-15,37627.520000000004
p52,2068,2068-02-16,37180.65
p52,2068,2068-02-17,37916.84
p52,2068,2068-02-18,27466.97
p52,2068,2068-02-19,25790.23
p52,2068,2068-02-20,23576.68
p52,2068,2068-02-21,35801.35
p52,2068,2068-02-22,36504.380000000005
p52,2068,2068-02-23,36485.19
p52,2068,2068-02-24,36298.5
p52,2068,2068-02-25,26502.33
p52,2068,2068-02-26,25426.49
p52,2068,2068-02-27,34508.71
p52,2068,2068-02-28,32920.54
p52,2068,2068-02-29,34015.7
p52,2068,2068-03-01,33145.15
p52,2068,2068-03-02,34047.880000000005
p52,2068,2068-03-03,24419.0
p52,2068,2068-03-04,21804.1
p52,2068,2068-11-20,74355.59
p52,2068,2068-11-21,74836.41
p52,2068,2068-11-22,56611.64
p52,2068,2068-11-23,74887.70999999999
p52,2068,2068-11-24,74776.7
p52,2068,2068-11-25,75882.09999999999
p52,2068,2068-11-26,75675.7
p52,2068,2068-11-27,77227.84
p52,2068,2068-11-28,77875.55
p52,2068,2068-11-29,78556.75
p52,2068,2068-11-30,79244.31
p52,2068,2068-12-01,82415.31999999999
p52,2068,2068-12-02,82483.38
p52,2068,2068-12-03,80749.97
p52,2068,2068-12-04,81826.36
p52,2068,2068-12-05,82825.58
p52,2068,2068-12-06,83409.73999999999
p52,2068,2068-12-07,84699.09
p52,2068,2068-12-08,84366.16
p52,2068,2068-12-09,84282.47
p52,2068,2068-12-10,83864.25
p52,2068,2068-12-11,84211.29000000001
p52,2068,2068-12-12,84131.5
p52,2068,2068-12-13,82826.20999999999
p52,2068,2068-12-14,84232.85999999999
p52,2068,2068-12-15,86546.77
p52,2068,2068-12-16,86342.04999999999
p52,2068,2068-12-17,83653.67
p52,2068,2068-12-18,84581.29000000001
p52,2068,2068-12-19,85200.74
p52,2068,2068-12-20,85884.77
p52,2068,2068-12-21,87567.98000000001
p52,2068,2068-12-22,88435.31
p52,2068,2068-12-23,89193.89
p52,2068,2068-12-24,88513.87
p52,2068,2068-12-25,69733.4
p52,2068,2068-12-26,87711.44
p52,2068,2068-12-27,88305.79000000001
p52,2068,2068-12-28,90047.65
p52,2068,2068-12-29,90478.65
p52,2068,2068-12-30,91066.02
p52,2068,2068-12-31,91703.26
p52,2069,2069-01-01,29142.780000000002
p52,2069,2069-01-02,39562.99
p52,2069,2069-01-03,39053.17
p52,2069,2069-01-04,40597.79
p52,2069,2069-01-05,29617.63
p52,2069,2069-01-06,28648.51
p52,2069,2069-01-07,38272.92
p52,2069,2069-01-08,40251.18
p52,2069,2069-01-09,39817.89
p52,2069,2069-01-10,37115.7
p52,2069,2069-01-11,37586.33
p52,2069,2069-01-12,28614.899999999998
p52,2069,2069-01-13,28559.7
p52,2069,2069-01-14,38176.119999999995
p52,2069,2069-01-15,40258.5
p52,2069,2069-01-16,40109.64
p52,2069,2069-01-17,40039.85
p52,2069,2069-01-18,39726.69
p52,2069,2069-01-19,28325.33
p52,2069,2069-01-20,27448.07
p52,2069,2069-01-21,26000.54
p52,2069,2069-01-22,37731.0
p52,2069,2069-01-23,39219.47
p52,2069,2069-01-24,39731.56
p52,2069,2069-01-25,39237.47
p52,2069,2069-01-26,28315.989999999998
p52,2069,2069-01-27,27400.239999999998
p52,2069,2069-01-28,37786.83
p52,2069,2069-01-29,37611.55
p52,2069,2069-01-30,37098.27
p52,2069,2069-01-31,36003.67
p52,2069,2069-02-01,35599.58
p52,2069,2069-02-02,25783.77
p52,2069,2069-02-03,23255.96
p52,2069,2069-02-04,31415.52
p52,2069,2069-02-05,33449.33
p52,2069,2069-02-06,33605.799999999996
p52,2069,2069-02-07,34379.630000000005
p52,2069,2069-02-08,36331.18
p52,2069,2069-02-09,27001.329999999998
p52,2069,2069-02-10,26300.84
p52,2069,2069-02-11,34485.94
p52,2069,2069-02-12,34600.1
p52,2069,2069-02-13,33720.409999999996
p52,2069,2069-02-14,34555.829999999994
p52,2069,2069-02-15,35011.93
p52,2069,2069-02-16,25994.44
p52,2069,2069-02-17,26748.86
p52,2069,2069-02-18,24660.18
p52,2069,2069-02-19,33860.41
p52,2069,2069-02-20,32642.61
p52,2069,2069-02-21,33775.03
p52,2069,2069-02-22,34314.15
p52,2069,2069-02-23,23569.079999999998
p52,2069,2069-02-24,23023.11
p52,2069,2069-02-25,33446.54
p52,2069,2069-02-26,32589.149999999998
p52,2069,2069-02-27,30913.120000000003
p52,2069,2069-02-28,29066.82
p52,2069,2069-03-01,31747.16
p52,2069,2069-03-02,22602.100000000002
p52,2069,2069-03-03,22450.43
p52,2069,2069-03-04,30608.64
p52,2069,2069-03-05,31250.79
p52,2069,2069-03-06,30057.120000000003
p52,2069,2069-03-07,27693.820000000003
p52,2069,2069-11-16,72691.03
p52,2069,2069-11-17,72169.38
p52,2069,2069-11-19,72377.81999999999
p52,2069,2069-11-20,72779.49
p52,2069,2069-11-21,72387.21
p52,2069,2069-11-22,73990.11
p52,2069,2069-11-23,75784.62000000001
p52,2069,2069-11-24,76249.11
p52,2069,2069-11-25,75494.81
p52,2069,2069-11-26,75339.81
p52,2069,2069-11-27,75562.26000000001
p52,2069,2069-11-28,56059.729999999996
p52,2069,2069-11-29,75896.35
p52,2069,2069-11-30,76836.73
p52,2069,2069-12-01,81697.87999999999
p52,2069,2069-12-02,81589.07999999999
p52,2069,2069-12-03,81697.38
p52,2069,2069-12-04,81505.36
p52,2069,2069-12-05,81722.53000000001
p52,2069,2069-12-06,82393.53
p52,2069,2069-12-07,83129.87000000001
p52,2069,2069-12-08,81612.59
p52,2069,2069-12-09,81177.1
p52,2069,2069-12-10,83951.63
p52,2069,2069-12-11,82837.5
p52,2069,2069-12-12,81207.84999999999
p52,2069,2069-12-13,81203.56000000001
p52,2069,2069-12-14,83297.33
p52,2069,2069-12-15,84234.87
p52,2069,2069-12-16,83974.98
p52,2069,2069-12-17,85963.36
p52,2069,2069-12-18,86729.37
p52,2069,2069-12-19,85461.39
p52,2069,2069-12-20,85768.3
p52,2069,2069-12-21,85978.84000000001
p52,2069,2069-12-22,85468.64
p52,2069,2069-12-23,85559.95999999999
p52,2069,2069-12-24,87344.69
p52,2069,2069-12-25,69026.86
p52,2069,2069-12-26,88309.84000000001
p52,2069,2069-12-27,89622.82
p52,2069,2069-12-28,89367.44
p52,2069,2069-12-29,89310.95
p52,2069,2069-12-30,89454.23999999999
p52,2069,2069-12-31,89997.95
p52,2070,2070-01-01,25113.07
p52,2070,2070-01-02,36651.520000000004
p52,2070,2070-01-03,38423.58
p52,2070,2070-01-04,27744.16
p52,2070,2070-01-05,25500.57
p52,2070,2070-01-06,34971.92
p52,2070,2070-01-07,36346.36
p52,2070,2070-01-08,36900.57
p52,2070,2070-01-09,37568.9
p52,2070,2070-01-10,38780.83
p52,2070,2070-01-11,28795.21
p52,2070,2070-01-12,28135.0
p52,2070,2070-01-13,36827.16
p52,2070,2070-01-14,36442.2
p52,2070,2070-01-15,36404.91
p52,2070,2070-01-16,36076.11
p52,2070,2070-01-17,38015.659999999996
p52,2070,2070-01-18,27693.79
p52,2070,2070-01-19,27538.129999999997
p52,2070,2070-01-20,25688.949999999997
p52,2070,2070-01-21,35933.05
p52,2070,2070-01-22,35461.79
p52,2070,2070-01-23,36705.76
p52,2070,2070-01-24,37207.7
p52,2070,2070-01-25,25015.61
p52,2070,2070-01-26,25303.95
p52,2070,2070-01-27,35794.56
p52,2070,2070-01-28,36023.18
p52,2070,2070-01-29,33722.07
p52,2070,2070-01-30,33976.72
p52,2070,2070-01-31,34204.37
p52,2070,2070-02-01,23053.390000000003
p52,2070,2070-02-02,23513.6
p52,2070,2070-02-03,32844.35
p52,2070,2070-02-04,33361.200000000004
p52,2070,2070-02-05,33130.04
p52,2070,2070-02-06,32541.82
p52,2070,2070-02-07,32928.26
p52,2070,2070-02-08,23043.86
p52,2070,2070-02-09,23101.77
p52,2070,2070-02-10,32760.74
p52,2070,2070-02-11,33707.42
p52,2070,2070-02-12,34241.770000000004
p52,2070,2070-02-13,33662.1
p52,2070,2070-02-14,34068.07
p52,2070,2070-02-15,23365.78
p52,2070,2070-02-16,23590.370000000003
p52,2070,2070-02-17,21709.63
p52,2070,2070-02-18,32620.449999999997
p52,2070,2070-02-19,31347.14
p52,2070,2070-02-20,31599.1
p52,2070,2070-02-21,32322.089999999997
p52,2070,2070-02-22,21279.0
p52,2070,2070-02-23,20554.05
p52,2070,2070-02-24,29775.03
p52,2070,2070-02-25,31075.58
p52,2070,2070-02-26,30748.55
p52,2070,2070-02-27,31760.8
p52,2070,2070-02-28,30701.36
p52,2070,2070-03-01,22743.850000000002
p52,2070,2070-03-02,21554.85
p52,2070,2070-03-03,28972.64
p52,2070,2070-03-04,27972.5
p52,2070,2070-03-05,28053.69
p52,2070,2070-03-06,28017.11
p52,2070,2070-03-07,26868.16
p52,2070,2070-03-08,17403.88
p52,2070,2070-03-09,16770.12
p52,2070,2070-11-17,69966.09999999999
p52,2070,2070-11-18,72427.37
p52,2070,2070-11-19,73812.22
p52,2070,2070-11-20,72689.01
p52,2070,2070-11-21,71988.18
p52,2070,2070-11-22,72112.13
p52,2070,2070-11-23,72582.40000000001
p52,2070,2070-11-24,72781.29
p52,2070,2070-11-25,73985.70000000001
p52,2070,2070-11-26,74362.23
p52,2070,2070-11-27,56473.33
p52,2070,2070-11-28,75582.72
p52,2070,2070-11-29,75327.93000000001
p52,2070,2070-11-30,75555.45
p52,2070,2070-12-01,79048.09
p52,2070,2070-12-02,80052.44
p52,2070,2070-12-03,78971.46
p52,2070,2070-12-04,79753.53
p52,2070,2070-12-05,81811.46
p52,2070,2070-12-06,81808.5
p52,2070,2070-12-07,80094.47
p52,2070,2070-12-08,78185.01
p52,2070,2070-12-09,80410.64
p52,2070,2070-12-10,81604.41
p52,2070,2070-12-11,81564.90000000001
p52,2070,2070-12-12,83521.11
p52,2070,2070-12-13,83711.72
p52,2070,2070-12-14,83255.76
p52,2070,2070-12-15,82352.54000000001
p52,2070,2070-12-16,82958.06999999999
p52,2070,2070-12-17,82797.41
p52,2070,2070-12-18,83596.98000000001
p52,2070,2070-12-19,84299.31
p52,2070,2070-12-20,85335.23999999999
p52,2070,2070-12-21,86151.48
p52,2070,2070-12-22,85250.61
p52,2070,2070-12-23,85805.73999999999
p52,2070,2070-12-24,86047.3
p52,2070,2070-12-25,67295.19
p52,2070,2070-12-26,86621.73
p52,2070,2070-12-27,86428.23000000001
p52,2070,2070-12-28,87202.81000000001
p52,2070,2070-12-29,88463.73
p52,2070,2070-12-30,88636.37000000001
p52,2070,2070-12-31,86880.58
p52,2071,2071-01-01,21643.82
p52,2071,2071-01-02,34889.28
p52,2071,2071-01-03,24631.34
p52,2071,2071-01-04,25204.1
p52,2071,2071-01-05,35940.76
p52,2071,2071-01-06,36958.68
p52,2071,2071-01-07,35981.67
p52,2071,2071-01-08,35656.67
p52,2071,2071-01-09,35998.44
p52,2071,2071-01-10,24647.72
p52,2071,2071-01-11,24572.49
p52,2071,2071-01-12,34900.65
p52,2071,2071-01-13,35841.23
p52,2071,2071-01-14,35959.71
p52,2071,2071-01-15,36239.65
p52,2071,2071-01-16,35501.85
p52,2071,2071-01-17,25288.83
p52,2071,2071-01-18,25069.989999999998
p52,2071,2071-01-19,22816.28
p52,2071,2071-01-20,33179.619999999995
p52,2071,2071-01-21,33086.22
p52,2071,2071-01-22,34156.04
p52,2071,2071-01-23,35124.34
p52,2071,2071-01-24,22903.51
p52,2071,2071-01-25,21600.14
p52,2071,2071-01-26,32700.469999999998
p52,2071,2071-01-27,33013.5
p52,2071,2071-01-28,33847.63
p52,2071,2071-01-29,34610.09
p52,2071,2071-01-30,35937.130000000005
p52,2071,2071-01-31,23518.510000000002
p52,2071,2071-02-01,21810.170000000002
p52,2071,2071-02-02,30351.31
p52,2071,2071-02-03,29748.48
p52,2071,2071-02-04,29638.940000000002
p52,2071,2071-02-05,30789.839999999997
p52,2071,2071-02-06,31892.65
p52,2071,2071-02-07,22948.3
p52,2071,2071-02-08,22730.4
p52,2071,2071-02-09,30884.06
p52,2071,2071-02-10,31202.81
p52,2071,2071-02-11,31381.52
p52,2071,2071-02-12,31366.98
p52,2071,2071-02-13,30638.28
p52,2071,2071-02-14,21725.97
p52,2071,2071-02-15,22034.75
p52,2071,2071-02-16,18967.4
p52,2071,2071-02-17,29897.879999999997
p52,2071,2071-02-18,29821.309999999998
p52,2071,2071-02-19,29294.899999999998
p52,2071,2071-02-20,29196.010000000002
p52,2071,2071-02-21,20798.72
p52,2071,2071-02-22,21923.47
p52,2071,2071-02-23,30752.68
p52,2071,2071-02-24,29936.75
p52,2071,2071-02-25,30073.49
p52,2071,2071-02-26,28981.59
p52,2071,2071-02-27,29058.579999999998
p52,2071,2071-02-28,18050.75
p52,2071,2071-03-01,20384.809999999998
p52,2071,2071-03-02,28579.8
p52,2071,2071-03-03,29161.55
p52,2071,2071-03-04,27827.82
p52,2071,2071-03-05,27120.710000000003
p52,2071,2071-03-06,26639.050000000003
p52,2071,2071-03-07,16214.4
p52,2071,2071-03-08,14659.0
p52,2071,2071-03-09,21450.99
p52,2071,2071-03-10,23181.36
p52,2071,2071-03-11,22023.36
p52,2071,2071-03-12,21036.170000000002
p52,2071,2071-11-13,70195.98
p52,2071,2071-11-14,69846.22
p52,2071,2071-11-15,69344.74
p52,2071,2071-11-16,68815.56
p52,2071,2071-11-17,68846.05
p52,2071,2071-11-18,69471.26
p52,2071,2071-11-19,70768.96
p52,2071,2071-11-20,71084.8
p52,2071,2071-11-21,70709.45
p52,2071,2071-11-22,71649.67
p52,2071,2071-11-23,72309.48999999999
p52,2071,2071-11-24,72631.03
p52,2071,2071-11-25,72583.87
p52,2071,2071-11-26,53462.04
p52,2071,2071-11-27,73877.98999999999
p52,2071,2071-11-28,72497.57
p52,2071,2071-11-29,72583.18000000001
p52,2071,2071-11-30,74152.23
p52,2071,2071-12-01,78193.03
p52,2071,2071-12-02,77172.4
p52,2071,2071-12-03,77023.64
p52,2071,2071-12-04,78992.83
p52,2071,2071-12-05,80185.5
p52,2071,2071-12-06,80133.73000000001
p52,2071,2071-12-07,80286.14
p52,2071,2071-12-08,80595.22
p52,2071,2071-12-09,80520.51
p52,2071,2071-12-10,81053.83
p52,2071,2071-12-11,80638.99
p52,2071,2071-12-12,81063.11
p52,2071,2071-12-13,80492.81
p52,2071,2071-12-14,80216.75
p52,2071,2071-12-15,82398.84000000001
p52,2071,2071-12-16,83366.26
p52,2071,2071-12-17,83535.02
p52,2071,2071-12-18,83853.34999999999
p52,2071,2071-12-19,83386.38
p52,2071,2071-12-20,83776.38
p52,2071,2071-12-21,83062.92000000001
p52,2071,2071-12-22,82722.25
p52,2071,2071-12-23,83787.78
p52,2071,2071-12-24,85768.56
p52,2071,2071-12-25,66363.78
p52,2071,2071-12-26,83552.47
p52,2071,2071-12-27,84012.72
p52,2071,2071-12-28,85291.95
p52,2071,2071-12-29,86517.43
p52,2071,2071-12-30,87249.07
p52,2071,2071-12-31,88991.40000000001
p52,2072,2072-01-01,23614.12
p52,2072,2072-01-02,24113.58
p52,2072,2072-01-03,23186.300000000003
p52,2072,2072-01-04,32629.43
p52,2072,2072-01-05,32505.85
p52,2072,2072-01-06,32885.32
p52,2072,2072-01-07,33290.13
p52,2072,2072-01-08,34888.75
p52,2072,2072-01-09,25066.8
p52,2072,2072-01-10,24194.77
p52,2072,2072-01-11,32617.590000000004
p52,2072,2072-01-12,33167.41
p52,2072,2072-01-13,33315.729999999996
p52,2072,2072-01-14,32787.01
p52,2072,2072-01-15,32990.39
p52,2072,2072-01-16,22423.25
p52,2072,2072-01-17,23797.57
p52,2072,2072-01-18,21039.05
p52,2072,2072-01-19,30435.69
p52,2072,2072-01-20,30034.31
p52,2072,2072-01-21,30757.87
p52,2072,2072-01-22,31544.56
p52,2072,2072-01-23,22431.91
p52,2072,2072-01-24,23484.59
p52,2072,2072-01-25,32477.98
p52,2072,2072-01-26,32802.84
p52,2072,2072-01-27,31793.57
p52,2072,2072-01-28,31760.13
p52,2072,2072-01-29,31485.62
p52,2072,2072-01-30,21490.550000000003
p52,2072,2072-01-31,20578.64
p52,2072,2072-02-01,29145.03
p52,2072,2072-02-02,30559.399999999998
p52,2072,2072-02-03,29684.5
p52,2072,2072-02-04,28659.579999999998
p52,2072,2072-02-05,29355.530000000002
p52,2072,2072-02-06,20103.27
p52,2072,2072-02-07,19900.96
p52,2072,2072-02-08,27965.129999999997
p52,2072,2072-02-09,28872.429999999997
p52,2072,2072-02-10,30167.05
p52,2072,2072-02-11,29417.0
p52,2072,2072-02-12,28345.11
p52,2072,2072-02-13,18203.96
p52,2072,2072-02-14,19498.79
p52,2072,2072-02-15,16173.88
p52,2072,2072-02-16,28961.74
p52,2072,2072-02-17,30972.18
p52,2072,2072-02-18,31333.39
p52,2072,2072-02-19,29602.23
p52,2072,2072-02-20,18869.68
p52,2072,2072-02-21,18839.72
p52,2072,2072-02-22,27539.25
p52,2072,2072-02-23,27762.809999999998
p52,2072,2072-02-24,27645.54
p52,2072,2072-02-25,28912.370000000003
p52,2072,2072-02-26,29146.27
p52,2072,2072-02-27,19226.03
p52,2072,2072-02-28,16797.84
p52,2072,2072-02-29,27019.27
p52,2072,2072-03-01,26899.6
p52,2072,2072-03-02,26058.7
p52,2072,2072-03-03,25222.31
p52,2072,2072-03-04,24880.21
p52,2072,2072-03-05,16647.3
p52,2072,2072-03-06,15360.18
p52,2072,2072-03-07,19958.28
p52,2072,2072-03-08,18959.739999999998
p52,2072,2072-03-09,19374.78
p52,2072,2072-03-10,20640.530000000002
p52,2072,2072-03-11,19505.719999999998
p52,2072,2072-03-12,11439.62
p52,2072,2072-03-13,11320.3
p52,2072,2072-11-13,67213.24
p52,2072,2072-11-14,67064.39
p52,2072,2072-11-15,68281.39
p52,2072,2072-11-16,68967.55
p52,2072,2072-11-17,68976.17
p52,2072,2072-11-18,69816.98999999999
p52,2072,2072-11-19,70364.51000000001
p52,2072,2072-11-20,69969.87
p52,2072,2072-11-21,68712.59
p52,2072,2072-11-22,69114.44
p52,2072,2072-11-23,70329.53
p52,2072,2072-11-24,52320.49
p52,2072,2072-11-25,72071.01999999999
p52,2072,2072-11-26,70136.16
p52,2072,2072-11-27,70327.6
p52,2072,2072-11-28,70560.56
p52,2072,2072-11-29,71513.77
p52,2072,2072-11-30,72649.86
p52,2072,2072-12-01,78341.26000000001
p52,2072,2072-12-02,79932.35
p52,2072,2072-12-03,79590.90000000001
p52,2072,2072-12-04,79098.01000000001
p52,2072,2072-12-05,77670.14
p52,2072,2072-12-06,77750.85
p52,2072,2072-12-07,78312.09
p52,2072,2072-12-08,78504.76
p52,2072,2072-12-09,80289.40000000001
p52,2072,2072-12-10,82167.98
p52,2072,2072-12-11,81419.48000000001
p52,2072,2072-12-12,79641.16
p52,2072,2072-12-13,79320.66
p52,2072,2072-12-14,80102.26
p52,2072,2072-12-15,81005.69
p52,2072,2072-12-16,81201.38
p52,2072,2072-12-17,82049.56999999999
p52,2072,2072-12-18,83533.21
p52,2072,2072-12-19,81099.43000000001
p52,2072,2072-12-20,80023.98999999999
p52,2072,2072-12-21,80738.89
p52,2072,2072-12-22,82156.03
p52,2072,2072-12-23,83629.08
p52,2072,2072-12-24,84628.26000000001
p52,2072,2072-12-25,70009.37
p52,2072,2072-12-26,64702.48
p52,2072,2072-12-27,85466.21
p52,2072,2072-12-28,85644.59
p52,2072,2072-12-29,85737.62
p52,2072,2072-12-30,86278.66
p52,2072,2072-12-31,86584.07
p52,2073,2073-01-01,12561.61
p52,2073,2073-01-02,19887.309999999998
p52,2073,2073-01-03,32140.64
p52,2073,2073-01-04,32650.010000000002
p52,2073,2073-01-05,31688.32
p52,2073,2073-01-06,32052.82
p52,2073,2073-01-07,21759.22
p52,2073,2073-01-08,21570.27
p52,2073,2073-01-09,30309.57
p52,2073,2073-01-10,30340.510000000002
p52,2073,2073-01-11,31457.33
p52,2073,2073-01-12,31184.949999999997
p52,2073,2073-01-13,29666.449999999997
p52,2073,2073-01-14,19107.59
p52,2073,2073-01-15,20302.15
p52,2073,2073-01-16,18016.17
p52,2073,2073-01-17,30933.65
p52,2073,2073-01-18,31812.03
p52,2073,2073-01-19,31705.4
p52,2073,2073-01-20,31304.7
p52,2073,2073-01-21,20167.95
p52,2073,2073-01-22,19319.54
p52,2073,2073-01-23,29194.41
p52,2073,2073-01-24,30028.940000000002
p52,2073,2073-01-25,29506.829999999998
p52,2073,2073-01-26,30635.28
p52,2073,2073-01-27,31268.879999999997
p52,2073,2073-01-28,21093.4
p52,2073,2073-01-29,19734.57
p52,2073,2073-01-30,29273.4
p52,2073,2073-01-31,28408.21
p52,2073,2073-02-01,26991.75
p52,2073,2073-02-02,26789.09
p52,2073,2073-02-03,27023.12
p52,2073,2073-02-04,18371.22
p52,2073,2073-02-05,17965.66
p52,2073,2073-02-06,24630.260000000002
p52,2073,2073-02-07,25466.460000000003
p52,2073,2073-02-08,26647.350000000002
p52,2073,2073-02-09,26989.9
p52,2073,2073-02-10,28177.63
p52,2073,2073-02-11,19567.43
p52,2073,2073-02-12,19937.71
p52,2073,2073-02-13,27532.3
p52,2073,2073-02-14,28006.54
p52,2073,2073-02-15,26658.55
p52,2073,2073-02-16,26570.809999999998
p52,2073,2073-02-17,28245.07
p52,2073,2073-02-18,18947.53
p52,2073,2073-02-19,17919.11
p52,2073,2073-02-20,14211.75
p52,2073,2073-02-21,27326.21
p52,2073,2073-02-22,26876.23
p52,2073,2073-02-23,26068.97
p52,2073,2073-02-24,26159.29
p52,2073,2073-02-25,16991.57
p52,2073,2073-02-26,15468.59
p52,2073,2073-02-27,24604.77
p52,2073,2073-02-28,23898.04
p52,2073,2073-03-01,25030.969999999998
p52,2073,2073-03-02,22933.85
p52,2073,2073-03-03,23236.579999999998
p52,2073,2073-03-04,13989.28
p52,2073,2073-03-05,13827.02
p52,2073,2073-03-06,21927.8
p52,2073,2073-03-07,21260.32
p52,2073,2073-03-08,20046.059999999998
p52,2073,2073-03-09,19146.31
p52,2073,2073-03-10,20186.4
p52,2073,2073-03-11,9168.47
p52,2073,2073-03-12,8274.650000000001
p52,2073,2073-11-09,64912.990000000005
p52,2073,2073-11-10,46205.11
p52,2073,2073-11-11,54091.73
p52,2073,2073-11-12,66020.45
p52,2073,2073-11-13,66350.8
p52,2073,2073-11-14,66164.42
p52,2073,2073-11-15,66722.72
p52,2073,2073-11-16,66863.8
p52,2073,2073-11-17,66446.88
p52,2073,2073-11-18,67073.6
p52,2073,2073-11-19,69151.35
p52,2073,2073-11-20,67809.71
p52,2073,2073-11-21,65958.31
p52,2073,2073-11-22,66643.23
p52,2073,2073-11-23,48994.549999999996
p52,2073,2073-11-24,69814.13
p52,2073,2073-11-25,70232.88
p52,2073,2073-11-26,71143.12
p52,2073,2073-11-27,71630.54000000001
p52,2073,2073-11-28,71007.71
p52,2073,2073-11-29,70603.74
p52,2073,2073-11-30,71052.32
p52,2073,2073-12-01,75868.29999999999
p52,2073,2073-12-02,77578.65000000001
p52,2073,2073-12-03,77552.79000000001
p52,2073,2073-12-04,77102.01000000001
p52,2073,2073-12-05,78454.88
p52,2073,2073-12-06,78221.01000000001
p52,2073,2073-12-07,78052.04
p52,2073,2073-12-08,77835.25
p52,2073,2073-12-09,79415.95999999999
p52,2073,2073-12-10,79938.14000000001
p52,2073,2073-12-11,77170.8
p52,2073,2073-12-12,78164.15
p52,2073,2073-12-13,78863.04
p52,2073,2073-12-14,78804.88
p52,2073,2073-12-15,78465.1
p52,2073,2073-12-16,79358.22
p52,2073,2073-12-17,80516.97
p52,2073,2073-12-18,79835.87
p52,2073,2073-12-19,80165.79
p52,2073,2073-12-20,81877.25
p52,2073,2073-12-21,83096.02
p52,2073,2073-12-22,82882.19
p52,2073,2073-12-23,83100.62000000001
p52,2073,2073-12-24,82807.20999999999
p52,2073,2073-12-25,61703.799999999996
p52,2073,2073-12-26,82059.85999999999
p52,2073,2073-12-27,83630.12000000001
p52,2073,2073-12-28,85295.38
p52,2073,2073-12-29,86852.1
p52,2073,2073-12-30,86818.49
p52,2073,2073-12-31,86196.28
p52,2074,2074-01-01,16607.48
p52,2074,2074-01-02,29298.6
p52,2074,2074-01-03,28900.79
p52,2074,2074-01-04,28744.52
p52,2074,2074-01-05,29511.59
p52,2074,2074-01-06,20437.4
p52,2074,2074-01-07,19432.02
p52,2074,2074-01-08,26937.74
p52,2074,2074-01-09,27687.410000000003
p52,2074,2074-01-10,28015.159999999996
p52,2074,2074-01-11,28186.29
p52,2074,2074-01-12,29705.58
p52,2074,2074-01-13,20541.61
p52,2074,2074-01-14,20522.989999999998
p52,2074,2074-01-15,17756.29
p52,2074,2074-01-16,28610.980000000003
p52,2074,2074-01-17,28795.07
p52,2074,2074-01-18,28054.92
p52,2074,2074-01-19,28419.85
p52,2074,2074-01-20,18513.39
p52,2074,2074-01-21,18467.11
p52,2074,2074-01-22,28020.120000000003
p52,2074,2074-01-23,29518.39
p52,2074,2074-01-24,28862.66
p52,2074,2074-01-25,27357.77
p52,2074,2074-01-26,28813.379999999997
p52,2074,2074-01-27,17842.29
p52,2074,2074-01-28,17277.46
p52,2074,2074-01-29,26627.16
p52,2074,2074-01-30,28557.13
p52,2074,2074-01-31,26148.13
p52,2074,2074-02-01,23424.289999999997
p52,2074,2074-02-02,24565.39
p52,2074,2074-02-03,15511.48
p52,2074,2074-02-04,15236.519999999999
p52,2074,2074-02-05,24612.260000000002
p52,2074,2074-02-06,26311.75
p52,2074,2074-02-07,26999.75
p52,2074,2074-02-08,26466.14
p52,2074,2074-02-09,26520.37
p52,2074,2074-02-10,16609.7
p52,2074,2074-02-11,15927.39
p52,2074,2074-02-12,25138.04
p52,2074,2074-02-13,25698.659999999996
p52,2074,2074-02-14,26859.34
p52,2074,2074-02-15,26477.690000000002
p52,2074,2074-02-16,27136.469999999998
p52,2074,2074-02-17,17499.3
p52,2074,2074-02-18,16886.24
p52,2074,2074-02-19,12058.71
p52,2074,2074-02-20,23717.65
p52,2074,2074-02-21,23863.18
p52,2074,2074-02-22,24567.8
p52,2074,2074-02-23,25637.39
p52,2074,2074-02-24,14817.669999999998
p52,2074,2074-02-25,13522.28
p52,2074,2074-02-26,21714.95
p52,2074,2074-02-27,23027.7
p52,2074,2074-02-28,21090.73
p52,2074,2074-03-01,23515.13
p52,2074,2074-03-02,24597.24
p52,2074,2074-03-03,15612.330000000002
p52,2074,2074-03-04,13722.55
p52,2074,2074-03-05,21378.14
p52,2074,2074-03-06,20703.989999999998
p52,2074,2074-03-07,18109.0
p52,2074,2074-03-08,16884.71
p52,2074,2074-03-09,17462.48
p52,2074,2074-03-10,9927.71
p52,2074,2074-03-11,8409.300000000001
p52,2074,2074-03-12,16050.28
p52,2074,2074-03-13,15456.3
p52,2074,2074-03-14,15098.130000000001
p52,2074,2074-03-15,15170.95
p52,2074,2074-03-16,15272.52
p52,2074,2074-11-08,62899.11
p52,2074,2074-11-09,64025.31
p52,2074,2074-11-10,63936.880000000005
p52,2074,2074-11-11,52359.14
p52,2074,2074-11-12,43048.75
p52,2074,2074-11-13,64386.46
p52,2074,2074-11-14,65069.36
p52,2074,2074-11-15,64966.66
p52,2074,2074-11-16,64031.37
p52,2074,2074-11-17,63630.68
p52,2074,2074-11-18,65350.46
p52,2074,2074-11-19,66285.61
p52,2074,2074-11-20,66548.85
p52,2074,2074-11-21,67095.34
p52,2074,2074-11-22,48064.8
p52,2074,2074-11-23,69182.87999999999
p52,2074,2074-11-24,68728.73
p52,2074,2074-11-25,68259.23999999999
p52,2074,2074-11-26,67467.73
p52,2074,2074-11-27,68909.79000000001
p52,2074,2074-11-28,68851.0
p52,2074,2074-11-29,69731.66
p52,2074,2074-11-30,71553.07
p52,2074,2074-12-01,77043.53
p52,2074,2074-12-02,77023.48
p52,2074,2074-12-03,74909.28
p52,2074,2074-12-04,76137.57
p52,2074,2074-12-05,76280.0
p52,2074,2074-12-06,75338.27
p52,2074,2074-12-07,76532.02
p52,2074,2074-12-08,78019.42
p52,2074,2074-12-09,77885.56000000001
p52,2074,2074-12-10,75373.79999999999
p52,2074,2074-12-11,75457.97
p52,2074,2074-12-12,76784.06
p52,2074,2074-12-13,76506.67000000001
p52,2074,2074-12-14,77907.8
p52,2074,2074-12-15,80628.64
p52,2074,2074-12-16,81232.25
p52,2074,2074-12-17,79364.34
p52,2074,2074-12-18,79630.69
p52,2074,2074-12-19,78567.67000000001
p52,2074,2074-12-20,78712.84
p52,2074,2074-12-21,80261.70999999999
p52,2074,2074-12-22,81246.40999999999
p52,2074,2074-12-23,82240.21
p52,2074,2074-12-24,82120.33
p52,2074,2074-12-25,62361.31
p52,2074,2074-12-26,81727.3
p52,2074,2074-12-27,82383.36
p52,2074,2074-12-28,84226.37999999999
p52,2074,2074-12-29,84542.70999999999
p52,2074,2074-12-30,83516.89
p52,2074,2074-12-31,83159.78
p52,2075,2075-01-01,15671.09
p52,2075,2075-01-02,27038.34
p52,2075,2075-01-03,24927.59
p52,2075,2075-01-04,26227.86
p52,2075,2075-01-05,16909.34
p52,2075,2075-01-06,17058.58
p52,2075,2075-01-07,26445.25
p52,2075,2075-01-08,28592.11
p52,2075,2075-01-09,29269.870000000003
p52,2075,2075-01-10,27730.980000000003
p52,2075,2075-01-11,27626.010000000002
p52,2075,2075-01-12,17391.11
p52,2075,2075-01-13,16647.620000000003
p52,2075,2075-01-14,25741.81
p52,2075,2075-01-15,27355.86
p52,2075,2075-01-16,27223.3
p52,2075,2075-01-17,28490.98
p52,2075,2075-01-18,28598.8
p52,2075,2075-01-19,17123.96
p52,2075,2075-01-20,16206.61
p52,2075,2075-01-21,13558.390000000001
p52,2075,2075-01-22,25389.72
p52,2075,2075-01-23,25717.62
p52,2075,2075-01-24,26215.98
p52,2075,2075-01-25,26828.67
p52,2075,2075-01-26,16346.970000000001
p52,2075,2075-01-27,14069.17
p52,2075,2075-01-28,23756.16
p52,2075,2075-01-29,24821.589999999997
p52,2075,2075-01-30,25372.159999999996
p52,2075,2075-01-31,24063.61
p52,2075,2075-02-01,25290.36
p52,2075,2075-02-02,16713.0
p52,2075,2075-02-03,15187.76
p52,2075,2075-02-04,22667.9
p52,2075,2075-02-05,23140.31
p52,2075,2075-02-06,22699.18
p52,2075,2075-02-07,23401.86
p52,2075,2075-02-08,24752.28
p52,2075,2075-02-09,15766.11
p52,2075,2075-02-10,16175.169999999998
p52,2075,2075-02-11,24686.84
p52,2075,2075-02-12,24629.94
p52,2075,2075-02-13,23685.760000000002
p52,2075,2075-02-14,24671.65
p52,2075,2075-02-15,24154.19
p52,2075,2075-02-16,14111.55
p52,2075,2075-02-17,14864.93
p52,2075,2075-02-18,12126.93
p52,2075,2075-02-19,22883.499999999996
p52,2075,2075-02-20,20199.14
p52,2075,2075-02-21,21207.72
p52,2075,2075-02-22,23098.61
p52,2075,2075-02-23,13236.259999999998
p52,2075,2075-02-24,12757.81
p52,2075,2075-02-25,23425.120000000003
p52,2075,2075-02-26,23481.24
p52,2075,2075-02-27,22762.489999999998
p52,2075,2075-02-28,20170.07
p52,2075,2075-03-01,22317.42
p52,2075,2075-03-02,12364.55
p52,2075,2075-03-03,12085.77
p52,2075,2075-03-04,19940.129999999997
p52,2075,2075-03-05,20776.25
p52,2075,2075-03-06,20402.22
p52,2075,2075-03-07,18077.16
p52,2075,2075-03-08,16326.17
p52,2075,2075-03-09,6869.719999999999
p52,2075,2075-03-10,7741.08
p52,2075,2075-03-11,13859.949999999999
p52,2075,2075-03-12,13228.380000000001
p52,2075,2075-03-13,13160.78
p52,2075,2075-03-14,14043.25
p52,2075,2075-03-15,13628.829999999998
p52,2075,2075-03-16,2946.4700000000003
p52,2075,2075-11-07,60096.62
p52,2075,2075-11-08,60943.26
p52,2075,2075-11-09,62642.89
p52,2075,2075-11-10,62072.74
p52,2075,2075-11-11,38950.97
p52,2075,2075-11-12,60762.66
p52,2075,2075-11-13,62722.61
p52,2075,2075-11-14,62493.0
p52,2075,2075-11-15,63592.399999999994
p52,2075,2075-11-16,64793.26
p52,2075,2075-11-17,64993.71
p52,2075,2075-11-18,64812.35
p52,2075,2075-11-19,65787.23
p52,2075,2075-11-20,64779.990000000005
p52,2075,2075-11-21,63951.13
p52,2075,2075-11-22,65453.96
p52,2075,2075-11-23,66697.99
p52,2075,2075-11-24,67327.75
p52,2075,2075-11-25,67584.61
p52,2075,2075-11-26,68057.75
p52,2075,2075-11-27,68197.52
p52,2075,2075-11-28,47270.700000000004
p52,2075,2075-11-29,68677.91
p52,2075,2075-11-30,69371.98
p52,2075,2075-12-01,73865.82
p52,2075,2075-12-02,73253.01
p52,2075,2075-12-03,74869.84
p52,2075,2075-12-04,74627.89
p52,2075,2075-12-05,73132.87
p52,2075,2075-12-06,73605.81
p52,2075,2075-12-07,75851.23
p52,2075,2075-12-08,75387.67000000001
p52,2075,2075-12-09,74821.72
p52,2075,2075-12-10,77642.45000000001
p52,2075,2075-12-11,77506.70999999999
p52,2075,2075-12-12,76955.56000000001
p52,2075,2075-12-13,76331.20999999999
p52,2075,2075-12-14,76935.54000000001
p52,2075,2075-12-15,77270.15
p52,2075,2075-12-16,76706.05
p52,2075,2075-12-17,78035.99
p52,2075,2075-12-18,79019.03
p52,2075,2075-12-19,79004.56999999999
p52,2075,2075-12-20,79833.69
p52,2075,2075-12-21,80338.06
p52,2075,2075-12-22,79795.95
p52,2075,2075-12-23,79495.04000000001
p52,2075,2075-12-24,80319.96
p52,2075,2075-12-25,59179.229999999996
p52,2075,2075-12-26,79628.72
p52,2075,2075-12-27,82535.70999999999
p52,2075,2075-12-28,82909.67
p52,2075,2075-12-29,80859.06
p52,2075,2075-12-30,80059.14
p52,2075,2075-12-31,82266.28
p52,2076,2076-01-01,12157.8
p52,2076,2076-01-02,24929.230000000003
p52,2076,2076-01-03,26737.78
p52,2076,2076-01-04,17610.05
p52,2076,2076-01-05,16506.88
p52,2076,2076-01-06,25136.11
p52,2076,2076-01-07,24765.91
p52,2076,2076-01-08,24700.66
p52,2076,2076-01-09,25331.1
p52,2076,2076-01-10,25781.25
p52,2076,2076-01-11,16252.78
p52,2076,2076-01-12,16834.58
p52,2076,2076-01-13,25711.83
p52,2076,2076-01-14,25127.800000000003
p52,2076,2076-01-15,25192.28
p52,2076,2076-01-16,24819.41
p52,2076,2076-01-17,26014.17
p52,2076,2076-01-18,14714.93
p52,2076,2076-01-19,14255.939999999999
p52,2076,2076-01-20,12263.05
p52,2076,2076-01-21,23504.699999999997
p52,2076,2076-01-22,21467.21
p52,2076,2076-01-23,22714.13
p52,2076,2076-01-24,24582.309999999998
p52,2076,2076-01-25,13520.83
p52,2076,2076-01-26,14069.779999999999
p52,2076,2076-01-27,24258.86
p52,2076,2076-01-28,25665.63
p52,2076,2076-01-29,24464.35
p52,2076,2076-01-30,24238.5
p52,2076,2076-01-31,22533.22
p52,2076,2076-02-01,12413.92
p52,2076,2076-02-02,12859.42
p52,2076,2076-02-03,21329.92
p52,2076,2076-02-04,22023.399999999998
p52,2076,2076-02-05,22912.15
p52,2076,2076-02-06,22798.41
p52,2076,2076-02-07,23007.33
p52,2076,2076-02-08,13265.7
p52,2076,2076-02-09,13401.14
p52,2076,2076-02-10,22013.44
p52,2076,2076-02-11,21606.4
p52,2076,2076-02-12,22160.809999999998
p52,2076,2076-02-13,22799.559999999998
p52,2076,2076-02-14,23268.2
p52,2076,2076-02-15,11248.550000000001
p52,2076,2076-02-16,11149.01
p52,2076,2076-02-17,8699.44
p52,2076,2076-02-18,22474.68
p52,2076,2076-02-19,21037.36
p52,2076,2076-02-20,21424.96
p52,2076,2076-02-21,23282.57
p52,2076,2076-02-22,13367.16
p52,2076,2076-02-23,12136.119999999999
p52,2076,2076-02-24,19658.7
p52,2076,2076-02-25,20565.36
p52,2076,2076-02-26,20052.97
p52,2076,2076-02-27,20666.64
p52,2076,2076-02-28,19503.23
p52,2076,2076-02-29,12231.98
p52,2076,2076-03-01,12166.82
p52,2076,2076-03-02,19171.59
p52,2076,2076-03-03,19046.07
p52,2076,2076-03-04,18029.55
p52,2076,2076-03-05,17770.06
p52,2076,2076-03-06,16882.67
p52,2076,2076-03-07,5946.280000000001
p52,2076,2076-03-08,5344.55
p52,2076,2076-03-09,12337.74
p52,2076,2076-03-10,12474.189999999999
p52,2076,2076-03-11,10288.98
p52,2076,2076-03-12,10849.84
p52,2076,2076-03-13,11154.74
p52,2076,2076-03-14,2427.1699999999996
p52,2076,2076-03-15,3043.0299999999997
p52,2076,2076-03-16,11801.29
p52,2076,2076-03-17,10323.95
p52,2076,2076-03-18,9051.68
p52,2076,2076-11-03,59003.19
p52,2076,2076-11-04,59039.63
p52,2076,2076-11-06,58695.17
p52,2076,2076-11-07,59100.46
p52,2076,2076-11-08,59447.520000000004
p52,2076,2076-11-09,60333.21
p52,2076,2076-11-10,61690.65
p52,2076,2076-11-11,40649.310000000005
p52,2076,2076-11-12,61921.240000000005
p52,2076,2076-11-13,62823.35
p52,2076,2076-11-14,61782.26
p52,2076,2076-11-15,61631.61
p52,2076,2076-11-16,61720.45
p52,2076,2076-11-17,62510.44
p52,2076,2076-11-18,63867.9
p52,2076,2076-11-19,65444.78999999999
p52,2076,2076-11-20,65410.51
p52,2076,2076-11-21,64364.32
p52,2076,2076-11-22,64582.52
p52,2076,2076-11-23,65227.33
p52,2076,2076-11-24,65897.21
p52,2076,2076-11-25,65163.09
p52,2076,2076-11-26,45095.4
p52,2076,2076-11-27,67934.75
p52,2076,2076-11-28,67111.68
p52,2076,2076-11-29,65034.29
p52,2076,2076-11-30,64969.91
p52,2076,2076-12-01,71836.5
p52,2076,2076-12-02,72767.68
p52,2076,2076-12-03,73006.56999999999
p52,2076,2076-12-04,75260.7
p52,2076,2076-12-05,76602.54
p52,2076,2076-12-06,75510.34
p52,2076,2076-12-07,73655.04
p52,2076,2076-12-08,73284.15999999999
p52,2076,2076-12-09,73645.31
p52,2076,2076-12-10,74983.28
p52,2076,2076-12-11,75732.08
p52,2076,2076-12-12,76856.96
p52,2076,2076-12-13,76562.54000000001
p52,2076,2076-12-14,75658.29000000001
p52,2076,2076-12-15,76628.86
p52,2076,2076-12-16,76865.37
p52,2076,2076-12-17,77460.32
p52,2076,2076-12-18,78175.53
p52,2076,2076-12-19,77019.63
p52,2076,2076-12-20,77215.98999999999
p52,2076,2076-12-21,78277.96
p52,2076,2076-12-22,78213.65
p52,2076,2076-12-23,76775.22
p52,2076,2076-12-24,77358.5
p52,2076,2076-12-25,58680.09
p52,2076,2076-12-26,79561.9
p52,2076,2076-12-27,80356.64
p52,2076,2076-12-28,81483.18
p52,2076,2076-12-29,82953.93
p52,2076,2076-12-30,82361.32
p52,2076,2076-12-31,81982.25
p52,2077,2077-01-01,10996.29
p52,2077,2077-01-02,13112.88
p52,2077,2077-01-03,13011.330000000002
p52,2077,2077-01-04,23397.33
p52,2077,2077-01-05,24274.15
p52,2077,2077-01-06,24789.989999999998
p52,2077,2077-01-07,24345.2
p52,2077,2077-01-08,24560.29
p52,2077,2077-01-09,14353.78
p52,2077,2077-01-10,13704.560000000001
p52,2077,2077-01-11,22286.57
p52,2077,2077-01-12,22416.38
p52,2077,2077-01-13,22595.8
p52,2077,2077-01-14,23521.4
p52,2077,2077-01-15,23843.460000000003
p52,2077,2077-01-16,11456.77
p52,2077,2077-01-17,11690.3
p52,2077,2077-01-18,9171.73
p52,2077,2077-01-19,21694.199999999997
p52,2077,2077-01-20,21702.359999999997
p52,2077,2077-01-21,22547.25
p52,2077,2077-01-22,23489.84
p52,2077,2077-01-23,13895.91
p52,2077,2077-01-24,13152.67
p52,2077,2077-01-25,20577.68
p52,2077,2077-01-26,21283.06
p52,2077,2077-01-27,21090.85
p52,2077,2077-01-28,22329.32
p52,2077,2077-01-29,22999.300000000003
p52,2077,2077-01-30,13521.099999999999
p52,2077,2077-01-31,11794.310000000001
p52,2077,2077-02-01,19776.379999999997
p52,2077,2077-02-02,20488.420000000002
p52,2077,2077-02-03,19975.14
p52,2077,2077-02-04,19435.1
p52,2077,2077-02-05,19728.45
p52,2077,2077-02-06,10765.2
p52,2077,2077-02-07,11980.970000000001
p52,2077,2077-02-08,19884.62
p52,2077,2077-02-09,18625.39
p52,2077,2077-02-10,18865.23
p52,2077,2077-02-11,19939.760000000002
p52,2077,2077-02-12,20887.460000000003
p52,2077,2077-02-13,11302.5
p52,2077,2077-02-14,12832.769999999999
p52,2077,2077-02-15,7759.74
p52,2077,2077-02-16,20968.49
p52,2077,2077-02-17,21320.85
p52,2077,2077-02-18,20826.170000000002
p52,2077,2077-02-19,19162.26
p52,2077,2077-02-20,9360.88
p52,2077,2077-02-21,10448.25
p52,2077,2077-02-22,19873.96
p52,2077,2077-02-23,20167.86
p52,2077,2077-02-24,19252.34
p52,2077,2077-02-25,19424.95
p52,2077,2077-02-26,18815.940000000002
p52,2077,2077-02-27,9439.439999999999
p52,2077,2077-02-28,7207.83
p52,2077,2077-03-01,17206.05
p52,2077,2077-03-02,17471.960000000003
p52,2077,2077-03-03,18167.25
p52,2077,2077-03-04,16258.23
p52,2077,2077-03-05,15029.58
p52,2077,2077-03-06,5117.39
p52,2077,2077-03-07,3859.27
p52,2077,2077-03-08,10722.8
p52,2077,2077-03-09,11112.43
p52,2077,2077-03-10,13359.99
p52,2077,2077-03-11,11553.960000000001
p52,2077,2077-03-12,11057.02
p52,2077,2077-03-13,1240.1299999999997
p52,2077,2077-03-14,557.7599999999998
p52,2077,2077-03-15,8552.93
p52,2077,2077-03-16,9009.57
p52,2077,2077-03-17,8025.06
p52,2077,2077-03-18,7657.700000000001
p52,2077,2077-03-19,7246.0599999999995
p52,2077,2077-03-20,-817.3699999999999
p52,2077,2077-03-21,-1825.3099999999995
p52,2077,2077-11-02,55772.82
p52,2077,2077-11-03,56556.42
p52,2077,2077-11-04,57099.19
p52,2077,2077-11-05,57867.159999999996
p52,2077,2077-11-06,59610.880000000005
p52,2077,2077-11-07,58626.590000000004
p52,2077,2077-11-08,58238.27
p52,2077,2077-11-09,59172.840000000004
p52,2077,2077-11-10,58821.04
p52,2077,2077-11-11,37386.32
p52,2077,2077-11-12,60086.03
p52,2077,2077-11-13,61189.92999999999
p52,2077,2077-11-14,61132.090000000004
p52,2077,2077-11-15,61095.54
p52,2077,2077-11-16,61393.44
p52,2077,2077-11-17,61087.51
p52,2077,2077-11-18,62316.81
p52,2077,2077-11-19,63714.97
p52,2077,2077-11-20,62170.41
p52,2077,2077-11-21,61453.59
p52,2077,2077-11-22,62899.58
p52,2077,2077-11-23,63969.39
p52,2077,2077-11-24,62423.33
p52,2077,2077-11-25,42315.93000000001
p52,2077,2077-11-26,64251.740000000005
p52,2077,2077-11-27,65198.350000000006
p52,2077,2077-11-28,64851.08
p52,2077,2077-11-29,65607.99
p52,2077,2077-11-30,67378.43
p52,2077,2077-12-01,71855.20999999999
p52,2077,2077-12-02,72022.0
p52,2077,2077-12-03,71899.06
p52,2077,2077-12-04,72704.82
p52,2077,2077-12-05,72950.95
p52,2077,2077-12-06,72041.14
p52,2077,2077-12-07,73502.09
p52,2077,2077-12-08,73505.18000000001
p52,2077,2077-12-09,74179.18999999999
p52,2077,2077-12-10,75134.06999999999
p52,2077,2077-12-11,75005.56
p52,2077,2077-12-12,75161.43000000001
p52,2077,2077-12-13,73040.95999999999
p52,2077,2077-12-14,73073.35999999999
p52,2077,2077-12-15,74367.44
p52,2077,2077-12-16,76361.26
p52,2077,2077-12-17,76453.01000000001
p52,2077,2077-12-18,75133.09
p52,2077,2077-12-19,74197.52
p52,2077,2077-12-20,74738.23999999999
p52,2077,2077-12-21,76173.95999999999
p52,2077,2077-12-22,76616.41
p52,2077,2077-12-23,78695.78
p52,2077,2077-12-24,59075.020000000004
p52,2077,2077-12-25,64473.53
p52,2077,2077-12-26,78332.56999999999
p52,2077,2077-12-27,77568.57
p52,2077,2077-12-28,78594.18
p52,2077,2077-12-29,79345.79000000001
p52,2077,2077-12-30,80397.26000000001
p52,2077,2077-12-31,60701.3
p52,2078,2078-01-01,2476.9800000000005
p52,2078,2078-01-02,12857.31
p52,2078,2078-01-03,20849.68
p52,2078,2078-01-04,21710.45
p52,2078,2078-01-05,21741.47
p52,2078,2078-01-06,21642.58
p52,2078,2078-01-07,21056.620000000003
p52,2078,2078-01-08,11876.400000000001
p52,2078,2078-01-09,13067.27
p52,2078,2078-01-10,20449.35
p52,2078,2078-01-11,18812.08
p52,2078,2078-01-12,19289.760000000002
p52,2078,2078-01-13,20391.09
p52,2078,2078-01-14,20895.65
p52,2078,2078-01-15,11849.22
p52,2078,2078-01-16,12289.710000000001
p52,2078,2078-01-17,9738.92
p52,2078,2078-01-18,21751.340000000004
p52,2078,2078-01-19,20514.67
p52,2078,2078-01-20,19608.79
p52,2078,2078-01-21,19330.88
p52,2078,2078-01-22,9919.58
p52,2078,2078-01-23,11276.3
p52,2078,2078-01-24,21012.75
p52,2078,2078-01-25,20682.29
p52,2078,2078-01-26,21134.07
p52,2078,2078-01-27,19980.63
p52,2078,2078-01-28,20789.9
p52,2078,2078-01-29,10553.01
p52,2078,2078-01-30,10470.27
p52,2078,2078-01-31,16936.42
p52,2078,2078-02-01,17803.670000000002
p52,2078,2078-02-02,19492.83
p52,2078,2078-02-03,17970.54
p52,2078,2078-02-04,16339.189999999999
p52,2078,2078-02-05,7729.87
p52,2078,2078-02-06,8596.75
p52,2078,2078-02-07,17504.809999999998
p52,2078,2078-02-08,18525.48
p52,2078,2078-02-09,19832.62
p52,2078,2078-02-10,20510.66
p52,2078,2078-02-11,20272.68
p52,2078,2078-02-12,10486.45
p52,2078,2078-02-13,9295.99
p52,2078,2078-02-14,17964.16
p52,2078,2078-02-15,17818.97
p52,2078,2078-02-16,18684.13
p52,2078,2078-02-17,20348.65
p52,2078,2078-02-18,21233.050000000003
p52,2078,2078-02-19,9974.32
p52,2078,2078-02-20,8268.65
p52,2078,2078-02-21,3475.22
p52,2078,2078-02-22,18121.43
p52,2078,2078-02-23,17307.29
p52,2078,2078-02-24,15906.970000000001
p52,2078,2078-02-25,17678.059999999998
p52,2078,2078-02-26,8384.95
p52,2078,2078-02-27,7493.299999999999
p52,2078,2078-02-28,12298.86
p52,2078,2078-03-01,15157.25
p52,2078,2078-03-02,15525.9
p52,2078,2078-03-03,15553.57
p52,2078,2078-03-04,15180.73
p52,2078,2078-03-05,7053.43
p52,2078,2078-03-06,6553.21
p52,2078,2078-03-07,11948.71
p52,2078,2078-03-08,10268.880000000001
p52,2078,2078-03-09,9333.52
p52,2078,2078-03-10,10315.359999999999
p52,2078,2078-03-11,8786.31
p52,2078,2078-03-12,-114.54999999999973
p52,2078,2078-03-13,-264.7099999999996
p52,2078,2078-03-14,8603.3
p52,2078,2078-03-15,8658.689999999999
p52,2078,2078-03-16,7758.26
p52,2078,2078-03-17,6058.08
p52,2078,2078-03-18,5908.27
p52,2078,2078-03-19,-4334.700000000001
p52,2078,2078-03-20,-4222.01
p52,2078,2078-03-21,4513.63
p52,2078,2078-03-22,5278.89
p52,2078,2078-03-23,3335.9099999999994
p52,2078,2078-03-29,2704.69
p52,2078,2078-03-30,3645.5199999999995
p52,2078,2078-10-31,50178.729999999996
p52,2078,2078-11-01,56876.020000000004
p52,2078,2078-11-02,55513.11
p52,2078,2078-11-03,55564.469999999994
p52,2078,2078-11-04,55981.52
p52,2078,2078-11-05,54970.8
p52,2078,2078-11-06,56297.549999999996
p52,2078,2078-11-07,56104.11
p52,2078,2078-11-08,57295.33
p52,2078,2078-11-09,58640.420000000006
p52,2078,2078-11-10,58520.259999999995
p52,2078,2078-11-11,36910.79
p52,2078,2078-11-12,58482.64
p52,2078,2078-11-13,59436.08
p52,2078,2078-11-14,58635.509999999995
p52,2078,2078-11-15,58519.32
p52,2078,2078-11-16,58913.62
p52,2078,2078-11-17,60067.200000000004
p52,2078,2078-11-18,61033.950000000004
p52,2078,2078-11-19,60086.630000000005
p52,2078,2078-11-20,59215.55
p52,2078,2078-11-21,59228.91
p52,2078,2078-11-22,60737.75
p52,2078,2078-11-23,62115.63
p52,2078,2078-11-24,43047.59
p52,2078,2078-11-25,64913.72
p52,2078,2078-11-26,64174.51
p52,2078,2078-11-27,63927.19
p52,2078,2078-11-28,62282.1
p52,2078,2078-11-29,62861.5
p52,2078,2078-11-30,63879.509999999995
p52,2078,2078-12-01,69937.25
p52,2078,2078-12-02,71860.02
p52,2078,2078-12-03,72598.35
p52,2078,2078-12-04,72677.24
p52,2078,2078-12-05,71081.81
p52,2078,2078-12-06,71287.23999999999
p52,2078,2078-12-07,71905.95000000001
p52,2078,2078-12-08,71320.62000000001
p52,2078,2078-12-09,71581.07999999999
p52,2078,2078-12-10,73207.97
p52,2078,2078-12-11,73984.78
p52,2078,2078-12-12,72155.28
p52,2078,2078-12-13,70232.42
p52,2078,2078-12-14,70659.64
p52,2078,2078-12-15,72966.36
p52,2078,2078-12-16,74263.3
p52,2078,2078-12-17,75127.25
p52,2078,2078-12-18,76473.98000000001
p52,2078,2078-12-19,75252.63
p52,2078,2078-12-20,75357.69
p52,2078,2078-12-21,75335.19
p52,2078,2078-12-22,74978.7
p52,2078,2078-12-23,75878.91
p52,2078,2078-12-24,76711.02
p52,2078,2078-12-25,62387.509999999995
p52,2078,2078-12-26,55259.590000000004
p52,2078,2078-12-27,78457.95
p52,2078,2078-12-28,79135.32
p52,2078,2078-12-29,79050.16
p52,2078,2078-12-30,79654.48
p52,2078,2078-12-31,80314.76
p52,2079,2079-01-01,-1076.8600000000001
p52,2079,2079-01-02,5186.55
p52,2079,2079-01-03,18604.11
p52,2079,2079-01-04,20582.59
p52,2079,2079-01-05,19585.68
p52,2079,2079-01-06,18274.42
p52,2079,2079-01-07,8389.61
p52,2079,2079-01-08,9584.76
p52,2079,2079-01-09,18845.37
p52,2079,2079-01-10,18920.14
p52,2079,2079-01-11,20133.86
p52,2079,2079-01-12,21080.89
p52,2079,2079-01-13,20781.43
p52,2079,2079-01-14,10166.29
p52,2079,2079-01-15,9808.59
p52,2079,2079-01-16,4701.05
p52,2079,2079-01-17,18945.82
p52,2079,2079-01-18,19196.78
p52,2079,2079-01-19,19271.83
p52,2079,2079-01-20,19963.02
p52,2079,2079-01-21,9748.04
p52,2079,2079-01-22,8710.71
p52,2079,2079-01-23,18185.12
p52,2079,2079-01-24,19105.399999999998
p52,2079,2079-01-25,17547.05
p52,2079,2079-01-26,17416.030000000002
p52,2079,2079-01-27,17930.82
p52,2079,2079-01-28,9685.45
p52,2079,2079-01-29,8459.45
p52,2079,2079-01-30,15806.0
p52,2079,2079-01-31,14359.82
p52,2079,2079-02-01,15617.25
p52,2079,2079-02-02,16499.239999999998
p52,2079,2079-02-03,16675.89
p52,2079,2079-02-04,8612.61
p52,2079,2079-02-05,9290.76
p52,2079,2079-02-06,16651.7
p52,2079,2079-02-07,16928.35
p52,2079,2079-02-08,16486.629999999997
p52,2079,2079-02-09,16260.75
p52,2079,2079-02-10,17373.09
p52,2079,2079-02-11,8686.470000000001
p52,2079,2079-02-12,9220.15
p52,2079,2079-02-13,17461.510000000002
p52,2079,2079-02-14,18458.79
p52,2079,2079-02-15,16736.870000000003
p52,2079,2079-02-16,16702.81
p52,2079,2079-02-17,18586.81
p52,2079,2079-02-18,8911.32
p52,2079,2079-02-19,6356.47
p52,2079,2079-02-20,184.57999999999993
p52,2079,2079-02-21,16619.510000000002
p52,2079,2079-02-22,16097.71
p52,2079,2079-02-23,13897.97
p52,2079,2079-02-24,13741.74
p52,2079,2079-02-25,6195.29
p52,2079,2079-02-26,5481.16
p52,2079,2079-02-27,14436.12
p52,2079,2079-02-28,13777.57
p52,2079,2079-03-01,16642.19
p52,2079,2079-03-02,15490.44
p52,2079,2079-03-03,15245.54
p52,2079,2079-03-04,4424.35
p52,2079,2079-03-05,3675.85
p52,2079,2079-03-06,11695.67
p52,2079,2079-03-07,10293.78
p52,2079,2079-03-08,9089.48
p52,2079,2079-03-09,9102.34
p52,2079,2079-03-10,10735.550000000001
p52,2079,2079-03-11,-1109.6599999999999
p52,2079,2079-03-12,-2097.2900000000004
p52,2079,2079-03-13,6064.27
p52,2079,2079-03-14,6293.87
p52,2079,2079-03-15,5349.76
p52,2079,2079-03-16,5582.3099999999995
p52,2079,2079-03-17,5437.9400000000005
p52,2079,2079-03-18,-5086.009999999999
p52,2079,2079-03-19,-7872.07
p52,2079,2079-03-20,1787.83
p52,2079,2079-03-21,2702.12
p52,2079,2079-03-22,2453.36
p52,2079,2079-03-23,1499.4499999999998
p52,2079,2079-03-24,2882.27
p52,2079,2079-03-25,-5126.210000000001
p52,2079,2079-03-26,-7309.9
p52,2079,2079-03-31,2989.49
p52,2079,2079-04-01,-1393.6699999999996
p52,2079,2079-10-26,48156.58
p52,2079,2079-10-27,49350.56
p52,2079,2079-10-28,48303.98
p52,2079,2079-10-31,47828.46000000001
p52,2079,2079-11-01,53879.24
p52,2079,2079-11-02,53188.08
p52,2079,2079-11-03,54615.24
p52,2079,2079-11-04,55035.16
p52,2079,2079-11-05,54311.8
p52,2079,2079-11-06,55323.35
p52,2079,2079-11-07,55186.840000000004
p52,2079,2079-11-08,55800.479999999996
p52,2079,2079-11-09,56522.829999999994
p52,2079,2079-11-10,35309.98
p52,2079,2079-11-11,45396.829999999994
p52,2079,2079-11-12,57093.899999999994
p52,2079,2079-11-13,57460.270000000004
p52,2079,2079-11-14,55817.119999999995
p52,2079,2079-11-15,55939.05
p52,2079,2079-11-16,57266.25
p52,2079,2079-11-17,57922.93
p52,2079,2079-11-18,58992.25
p52,2079,2079-11-19,60886.41
p52,2079,2079-11-20,60359.49
p52,2079,2079-11-21,59588.76
p52,2079,2079-11-22,59742.21
p52,2079,2079-11-23,39708.310000000005
p52,2079,2079-11-24,61024.47
p52,2079,2079-11-25,61379.99
p52,2079,2079-11-26,61472.98
p52,2079,2079-11-27,62116.91
p52,2079,2079-11-28,62715.76
p52,2079,2079-11-29,62957.15
p52,2079,2079-11-30,63266.88
p52,2079,2079-12-01,69193.08
p52,2079,2079-12-02,70837.45999999999
p52,2079,2079-12-03,70181.61
p52,2079,2079-12-04,68169.98
p52,2079,2079-12-05,69389.18000000001
p52,2079,2079-12-06,70635.86
p52,2079,2079-12-07,70394.57
p52,2079,2079-12-08,68530.18
p52,2079,2079-12-09,69583.47
p52,2079,2079-12-10,71444.44
p52,2079,2079-12-11,70021.88
p52,2079,2079-12-12,71119.27
p52,2079,2079-12-13,71979.79999999999
p52,2079,2079-12-14,72865.09
p52,2079,2079-12-15,73601.84
p52,2079,2079-12-16,73718.56999999999
p52,2079,2079-12-17,73060.06
p52,2079,2079-12-18,72013.07999999999
p52,2079,2079-12-19,72388.65
p52,2079,2079-12-20,73355.74
p52,2079,2079-12-21,74751.70000000001
p52,2079,2079-12-22,75886.25
p52,2079,2079-12-23,76451.56
p52,2079,2079-12-24,76015.51
p52,2079,2079-12-25,53588.02
p52,2079,2079-12-26,75625.17
p52,2079,2079-12-27,76098.85
p52,2079,2079-12-28,75956.5
p52,2079,2079-12-29,77380.26000000001
p52,2079,2079-12-30,79040.56000000001
p52,2079,2079-12-31,78366.09000000001
p52,2080,2080-01-01,1434.12
p52,2080,2080-01-02,15230.23
p52,2080,2080-01-03,16286.18
p52,2080,2080-01-04,17318.93
p52,2080,2080-01-05,18172.85
p52,2080,2080-01-06,9941.189999999999
p52,2080,2080-01-07,9939.55
p52,2080,2080-01-08,18044.36
p52,2080,2080-01-09,18214.45
p52,2080,2080-01-10,16704.85
p52,2080,2080-01-11,16234.02
p52,2080,2080-01-12,17724.86
p52,2080,2080-01-13,8697.14
p52,2080,2080-01-14,8763.61
p52,2080,2080-01-15,5214.12
p52,2080,2080-01-16,17829.39
p52,2080,2080-01-17,17884.18
p52,2080,2080-01-18,17138.39
p52,2080,2080-01-19,17485.41
p52,2080,2080-01-20,7427.88
p52,2080,2080-01-21,6008.01
p52,2080,2080-01-22,14587.2
p52,2080,2080-01-23,17618.05
p52,2080,2080-01-24,16955.43
p52,2080,2080-01-25,13743.66
p52,2080,2080-01-26,15014.93
p52,2080,2080-01-27,6131.8099999999995
p52,2080,2080-01-28,6646.72
p52,2080,2080-01-29,15270.419999999998
p52,2080,2080-01-30,17403.780000000002
p52,2080,2080-01-31,15809.06
p52,2080,2080-02-01,15443.93
p52,2080,2080-02-02,16037.89
p52,2080,2080-02-03,5843.33
p52,2080,2080-02-04,4893.4400000000005
p52,2080,2080-02-05,13676.72
p52,2080,2080-02-06,14813.64
p52,2080,2080-02-07,15773.53
p52,2080,2080-02-08,16371.65
p52,2080,2080-02-09,16869.88
p52,2080,2080-02-10,7286.3099999999995
p52,2080,2080-02-11,6595.530000000001
p52,2080,2080-02-12,15280.57
p52,2080,2080-02-13,14906.029999999999
p52,2080,2080-02-14,14797.949999999999
p52,2080,2080-02-15,14391.419999999998
p52,2080,2080-02-16,16315.84
p52,2080,2080-02-17,7375.71
p52,2080,2080-02-18,5260.82
p52,2080,2080-02-19,-2456.62
p52,2080,2080-02-20,12436.23
p52,2080,2080-02-21,13624.93
p52,2080,2080-02-22,14438.82
p52,2080,2080-02-23,15666.900000000001
p52,2080,2080-02-24,6169.77
p52,2080,2080-02-25,5935.95
p52,2080,2080-02-26,13127.12
p52,2080,2080-02-27,13073.98
p52,2080,2080-02-28,10388.369999999999
p52,2080,2080-02-29,13087.4
p52,2080,2080-03-01,13876.73
p52,2080,2080-03-02,4755.66
p52,2080,2080-03-03,4606.05
p52,2080,2080-03-04,11507.66
p52,2080,2080-03-05,11202.98
p52,2080,2080-03-06,10063.05
p52,2080,2080-03-07,7920.290000000001
p52,2080,2080-03-08,6535.23
p52,2080,2080-03-09,-3379.15
p52,2080,2080-03-10,-2343.6
p52,2080,2080-03-11,4858.91
p52,2080,2080-03-12,4190.21
p52,2080,2080-03-13,2242.5400000000004
p52,2080,2080-03-14,2387.71
p52,2080,2080-03-15,3561.1699999999996
p52,2080,2080-03-16,-5665.860000000001
p52,2080,2080-03-17,-6847.54
p52,2080,2080-03-18,1899.6200000000001
p52,2080,2080-03-19,1367.27
p52,2080,2080-03-20,2136.08
p52,2080,2080-03-21,1469.9099999999999
p52,2080,2080-03-22,1166.6799999999998
p52,2080,2080-03-23,-9567.98
p52,2080,2080-03-24,-9610.81
p52,2080,2080-03-25,391.5600000000004
p52,2080,2080-03-26,-732.79
p52,2080,2080-03-27,-2478.4699999999993
p52,2080,2080-03-28,-711.8099999999995
p52,2080,2080-03-29,-1429.9900000000002
p52,2080,2080-03-30,-10076.74
p52,2080,2080-03-31,-8597.13
p52,2080,2080-04-01,3254.8999999999996
p52,2080,2080-04-03,551.19
p52,2080,2080-04-04,3808.25
p52,2080,2080-04-05,3036.51
p52,2080,2080-10-27,45341.25
p52,2080,2080-10-28,46948.19
p52,2080,2080-10-29,47062.94
p52,2080,2080-10-30,46083.880000000005
p52,2080,2080-10-31,47075.79
p52,2080,2080-11-01,53428.12
p52,2080,2080-11-02,52663.840000000004
p52,2080,2080-11-03,52901.27
p52,2080,2080-11-04,52231.95
p52,2080,2080-11-05,51957.81
p52,2080,2080-11-06,54696.5
p52,2080,2080-11-07,54029.43
p52,2080,2080-11-08,53229.43
p52,2080,2080-11-09,53394.34
p52,2080,2080-11-10,54129.05
p52,2080,2080-11-11,32265.09
p52,2080,2080-11-12,55438.10999999999
p52,2080,2080-11-13,57494.920000000006
p52,2080,2080-11-14,57502.54
p52,2080,2080-11-15,57699.68
p52,2080,2080-11-16,57164.32
p52,2080,2080-11-17,56510.49
p52,2080,2080-11-18,56767.24
p52,2080,2080-11-19,58491.58
p52,2080,2080-11-20,58271.72
p52,2080,2080-11-21,58189.86
p52,2080,2080-11-22,60022.02
p52,2080,2080-11-23,60949.19
p52,2080,2080-11-24,60523.64000000001
p52,2080,2080-11-25,59865.700000000004
p52,2080,2080-11-26,60655.08
p52,2080,2080-11-27,61109.009999999995
p52,2080,2080-11-28,38923.73
p52,2080,2080-11-29,60793.79
p52,2080,2080-11-30,62999.62
p52,2080,2080-12-01,68511.23999999999
p52,2080,2080-12-02,65732.23
p52,2080,2080-12-03,66022.65
p52,2080,2080-12-04,67721.24
p52,2080,2080-12-05,68375.85
p52,2080,2080-12-06,69270.58
p52,2080,2080-12-07,71266.3
p52,2080,2080-12-08,70982.24
p52,2080,2080-12-09,69568.87000000001
p52,2080,2080-12-10,70419.53
p52,2080,2080-12-11,69497.76
p52,2080,2080-12-12,69437.52
p52,2080,2080-12-13,69864.48
p52,2080,2080-12-14,71108.17
p52,2080,2080-12-15,72285.04000000001
p52,2080,2080-12-16,72324.6
p52,2080,2080-12-17,72982.94
p52,2080,2080-12-18,72719.68
p52,2080,2080-12-19,72104.12
p52,2080,2080-12-20,73380.62999999999
p52,2080,2080-12-21,73926.02
p52,2080,2080-12-22,72557.49
p52,2080,2080-12-23,72612.48
p52,2080,2080-12-24,75102.44
p52,2080,2080-12-25,53024.299999999996
p52,2080,2080-12-26,72303.09999999999
p52,2080,2080-12-27,73659.51000000001
p52,2080,2080-12-28,75488.2
p52,2080,2080-12-29,75848.87
p52,2080,2080-12-30,75845.70000000001
p52,2080,2080-12-31,78068.31000000001
p52,2081,2081-01-01,3519.65
p52,2081,2081-01-02,16360.869999999999
p52,2081,2081-01-03,16165.68
p52,2081,2081-01-04,6927.77
p52,2081,2081-01-05,6075.64
p52,2081,2081-01-06,14784.21
p52,2081,2081-01-07,15680.420000000002
p52,2081,2081-01-08,16658.8
p52,2081,2081-01-09,17479.22
p52,2081,2081-01-10,17024.56
p52,2081,2081-01-11,6799.610000000001
p52,2081,2081-01-12,6580.719999999999
p52,2081,2081-01-13,15080.740000000002
p52,2081,2081-01-14,14958.279999999999
p52,2081,2081-01-15,14528.53
p52,2081,2081-01-16,14219.380000000001
p52,2081,2081-01-17,17014.7
p52,2081,2081-01-18,6436.8099999999995
p52,2081,2081-01-19,3861.4600000000005
p52,2081,2081-01-20,-1579.4099999999999
p52,2081,2081-01-21,12734.939999999999
p52,2081,2081-01-22,12842.11
p52,2081,2081-01-23,14706.070000000002
p52,2081,2081-01-24,16752.43
p52,2081,2081-01-25,6430.35
p52,2081,2081-01-26,6058.82
p52,2081,2081-01-27,13505.13
p52,2081,2081-01-28,14080.439999999999
p52,2081,2081-01-29,13122.62
p52,2081,2081-01-30,13863.31
p52,2081,2081-01-31,13122.94
p52,2081,2081-02-01,5430.32
p52,2081,2081-02-02,6150.289999999999
p52,2081,2081-02-03,13114.46
p52,2081,2081-02-04,12466.49
p52,2081,2081-02-05,12628.71
p52,2081,2081-02-06,12990.849999999999
p52,2081,2081-02-07,13724.43
p52,2081,2081-02-08,4199.22
p52,2081,2081-02-09,4389.75
p52,2081,2081-02-10,13897.34
p52,2081,2081-02-11,13471.140000000001
p52,2081,2081-02-12,11816.16
p52,2081,2081-02-13,11352.880000000001
p52,2081,2081-02-14,13692.81
p52,2081,2081-02-15,4065.0099999999998
p52,2081,2081-02-16,4404.84
p52,2081,2081-02-17,349.3599999999997
p52,2081,2081-02-18,15590.96
p52,2081,2081-02-19,12871.19
p52,2081,2081-02-20,11384.279999999999
p52,2081,2081-02-21,12480.28
p52,2081,2081-02-22,3220.81
p52,2081,2081-02-23,2730.8
p52,2081,2081-02-24,10976.35
p52,2081,2081-02-25,12838.04
p52,2081,2081-02-26,12324.82
p52,2081,2081-02-27,12182.51
p52,2081,2081-02-28,9627.369999999999
p52,2081,2081-03-01,3138.53
p52,2081,2081-03-02,2593.9100000000008
p52,2081,2081-03-03,10282.33
p52,2081,2081-03-04,8663.81
p52,2081,2081-03-05,8983.28
p52,2081,2081-03-06,9326.03
p52,2081,2081-03-07,6544.75
p52,2081,2081-03-08,-5488.85
p52,2081,2081-03-09,-6261.99
p52,2081,2081-03-10,4259.73
p52,2081,2081-03-11,2534.5000000000005
p52,2081,2081-03-12,2435.2400000000002
p52,2081,2081-03-13,3251.3900000000003
p52,2081,2081-03-14,4094.69
p52,2081,2081-03-15,-5872.55
p52,2081,2081-03-16,-6801.389999999999
p52,2081,2081-03-17,-39.43000000000029
p52,2081,2081-03-18,-837.6299999999992
p52,2081,2081-03-19,-2007.7799999999997
p52,2081,2081-03-20,-113.65000000000009
p52,2081,2081-03-21,517.3500000000004
p52,2081,2081-03-22,-8790.759999999998
p52,2081,2081-03-23,-10203.4
p52,2081,2081-03-24,-2352.23
p52,2081,2081-03-25,-1362.62
p52,2081,2081-03-26,-3143.8799999999997
p52,2081,2081-03-27,-5380.299999999999
p52,2081,2081-03-28,-3648.9300000000003
p52,2081,2081-03-29,-12894.419999999998
p52,2081,2081-03-30,-11647.14
p52,2081,2081-03-31,-1864.2000000000003
p52,2081,2081-04-01,374.5800000000004
p52,2081,2081-04-02,-1387.8199999999997
p52,2081,2081-04-03,-1465.7999999999997
p52,2081,2081-04-04,1556.8900000000003
p52,2081,2081-04-05,-6207.64
p52,2081,2081-04-06,-4637.499999999999
p52,2081,2081-04-07,1904.62
p52,2081,2081-04-08,1619.0700000000006
p52,2081,2081-10-23,43343.13
p52,2081,2081-10-24,45038.51
p52,2081,2081-10-25,43906.16
p52,2081,2081-10-26,43916.18
p52,2081,2081-10-27,44554.479999999996
p52,2081,2081-10-28,45708.51
p52,2081,2081-10-29,44766.82
p52,2081,2081-10-30,42970.5
p52,2081,2081-10-31,44996.03
p52,2081,2081-11-01,51861.93
p52,2081,2081-11-02,50750.93
p52,2081,2081-11-03,49609.619999999995
p52,2081,2081-11-04,50178.99
p52,2081,2081-11-05,50341.060000000005
p52,2081,2081-11-06,52202.590000000004
p52,2081,2081-11-07,52602.340000000004
p52,2081,2081-11-08,53522.579999999994
p52,2081,2081-11-09,54509.76
p52,2081,2081-11-10,53898.310000000005
p52,2081,2081-11-11,31535.870000000003
p52,2081,2081-11-12,53797.14
p52,2081,2081-11-13,54546.54
p52,2081,2081-11-14,54737.53
p52,2081,2081-11-15,54987.68
p52,2081,2081-11-16,55586.29
p52,2081,2081-11-17,55736.52
p52,2081,2081-11-18,57159.82
p52,2081,2081-11-19,57709.409999999996
p52,2081,2081-11-20,56916.76
p52,2081,2081-11-21,57138.89
p52,2081,2081-11-22,57697.53999999999
p52,2081,2081-11-23,57394.69
p52,2081,2081-11-24,57443.84
p52,2081,2081-11-25,59485.81
p52,2081,2081-11-26,58851.93
p52,2081,2081-11-27,36835.46
p52,2081,2081-11-28,57683.94
p52,2081,2081-11-29,59192.54
p52,2081,2081-11-30,59917.840000000004
p52,2081,2081-12-01,65295.68
p52,2081,2081-12-02,67939.24
p52,2081,2081-12-03,68120.09
p52,2081,2081-12-04,67796.72
p52,2081,2081-12-05,68075.04
p52,2081,2081-12-06,67901.06
p52,2081,2081-12-07,67616.3
p52,2081,2081-12-08,66214.91
p52,2081,2081-12-09,68038.34
p52,2081,2081-12-10,69622.84
p52,2081,2081-12-11,69796.53
p52,2081,2081-12-12,70473.53
p52,2081,2081-12-13,69716.09
p52,2081,2081-12-14,69555.64
p52,2081,2081-12-15,69685.47
p52,2081,2081-12-16,70543.68000000001
p52,2081,2081-12-17,69661.64
p52,2081,2081-12-18,70441.31
p52,2081,2081-12-19,72124.09999999999
p52,2081,2081-12-20,71889.64
p52,2081,2081-12-21,69952.94
p52,2081,2081-12-22,69069.48
p52,2081,2081-12-23,71657.53
p52,2081,2081-12-24,72329.29999999999
p52,2081,2081-12-25,51279.54
p52,2081,2081-12-26,74837.67
p52,2081,2081-12-27,75725.89
p52,2081,2081-12-28,75259.14
p52,2081,2081-12-29,74291.43
p52,2081,2081-12-30,74641.98
p52,2081,2081-12-31,74560.61
p52,2082,2082-01-01,-680.4800000000005
p52,2082,2082-01-02,14456.59
p52,2082,2082-01-03,5637.09
p52,2082,2082-01-04,6484.12
p52,2082,2082-01-05,14428.960000000001
p52,2082,2082-01-06,14278.84
p52,2082,2082-01-07,13507.259999999998
p52,2082,2082-01-08,14264.61
p52,2082,2082-01-09,14972.68
p52,2082,2082-01-10,4043.91
p52,2082,2082-01-11,4031.88
p52,2082,2082-01-12,13960.6
p52,2082,2082-01-13,13467.12
p52,2082,2082-01-14,11034.11
p52,2082,2082-01-15,11670.56
p52,2082,2082-01-16,12667.83
p52,2082,2082-01-17,4488.96
p52,2082,2082-01-18,4267.21
p52,2082,2082-01-19,-134.97000000000025
p52,2082,2082-01-20,13780.41
p52,2082,2082-01-21,12447.94
p52,2082,2082-01-22,11805.73
p52,2082,2082-01-23,13272.28
p52,2082,2082-01-24,3676.0199999999995
p52,2082,2082-01-25,2534.6400000000003
p52,2082,2082-01-26,12180.46
p52,2082,2082-01-27,12786.380000000001
p52,2082,2082-01-28,13782.39
p52,2082,2082-01-29,13140.259999999998
p52,2082,2082-01-30,13384.05
p52,2082,2082-01-31,1883.1599999999999
p52,2082,2082-02-01,3030.3499999999995
p52,2082,2082-02-02,11131.94
p52,2082,2082-02-03,9968.43
p52,2082,2082-02-04,9988.06
p52,2082,2082-02-05,11774.61
p52,2082,2082-02-06,11504.67
p52,2082,2082-02-07,1373.5
p52,2082,2082-02-08,1208.0700000000002
p52,2082,2082-02-09,10438.16
p52,2082,2082-02-10,11370.73
p52,2082,2082-02-11,11652.94
p52,2082,2082-02-12,13197.25
p52,2082,2082-02-13,13468.4
p52,2082,2082-02-14,4563.63
p52,2082,2082-02-15,2906.91
p52,2082,2082-02-16,-4040.43
p52,2082,2082-02-17,11771.599999999999
p52,2082,2082-02-18,11954.21
p52,2082,2082-02-19,10723.050000000001
p52,2082,2082-02-20,10818.04
p52,2082,2082-02-21,3371.4900000000002
p52,2082,2082-02-22,3200.75
p52,2082,2082-02-23,10094.29
p52,2082,2082-02-24,9439.56
p52,2082,2082-02-25,10534.21
p52,2082,2082-02-26,9539.72
p52,2082,2082-02-27,9304.12
p52,2082,2082-02-28,-1686.0700000000002
p52,2082,2082-03-01,2147.1900000000005
p52,2082,2082-03-02,8849.789999999999
p52,2082,2082-03-03,7434.540000000001
p52,2082,2082-03-04,6083.65
p52,2082,2082-03-05,7167.36
p52,2082,2082-03-06,7094.71
p52,2082,2082-03-07,-3908.269999999999
p52,2082,2082-03-08,-4502.869999999999
p52,2082,2082-03-09,3369.4700000000003
p52,2082,2082-03-10,4522.03
p52,2082,2082-03-11,1559.55
p52,2082,2082-03-12,741.6599999999999
p52,2082,2082-03-13,528.4299999999998
p52,2082,2082-03-14,-8340.63
p52,2082,2082-03-15,-8349.41
p52,2082,2082-03-16,620.4399999999996
p52,2082,2082-03-17,-154.0899999999997
p52,2082,2082-03-18,-1224.12
p52,2082,2082-03-19,-3204.5399999999995
p52,2082,2082-03-20,-1690.6400000000003
p52,2082,2082-03-21,-10929.490000000002
p52,2082,2082-03-22,-11646.58
p52,2082,2082-03-23,-5032.58
p52,2082,2082-03-24,-4362.01
p52,2082,2082-03-25,-2689.7
p52,2082,2082-03-26,-5301.5
p52,2082,2082-03-27,-8407.03
p52,2082,2082-03-28,-15492.0
p52,2082,2082-03-29,-15220.02
p52,2082,2082-03-30,-5989.48
p52,2082,2082-03-31,-3408.39
p52,2082,2082-04-01,816.98
p52,2082,2082-04-02,-490.1399999999999
p52,2082,2082-04-03,-1493.9199999999992
p52,2082,2082-04-04,-6968.880000000001
p52,2082,2082-04-05,-8102.92
p52,2082,2082-04-06,-493.1700000000005
p52,2082,2082-04-07,-830.0299999999997
p52,2082,2082-04-08,-789.8100000000004
p52,2082,2082-04-09,-902.8200000000002
p52,2082,2082-04-10,-642.7900000000004
p52,2082,2082-04-11,-7120.530000000001
p52,2082,2082-04-12,-8185.9
p52,2082,2082-10-21,41510.18
p52,2082,2082-10-22,40430.100000000006
p52,2082,2082-10-23,42153.31
p52,2082,2082-10-24,41927.630000000005
p52,2082,2082-10-25,40755.38
p52,2082,2082-10-26,41958.020000000004
p52,2082,2082-10-27,43656.69
p52,2082,2082-10-28,43787.03
p52,2082,2082-10-29,41493.88
p52,2082,2082-10-30,40790.920000000006
p52,2082,2082-10-31,42186.52
p52,2082,2082-11-01,49233.04
p52,2082,2082-11-02,48648.79
p52,2082,2082-11-03,50633.42
p52,2082,2082-11-04,51355.270000000004
p52,2082,2082-11-05,50093.76
p52,2082,2082-11-06,51694.97
p52,2082,2082-11-07,50520.78
p52,2082,2082-11-08,50450.68
p52,2082,2082-11-09,51442.38
p52,2082,2082-11-10,52014.91
p52,2082,2082-11-11,30096.079999999998
p52,2082,2082-11-12,53333.77
p52,2082,2082-11-13,54846.479999999996
p52,2082,2082-11-14,53560.18
p52,2082,2082-11-15,53397.490000000005
p52,2082,2082-11-16,53793.54
p52,2082,2082-11-17,54036.48
p52,2082,2082-11-18,54018.21000000001
p52,2082,2082-11-19,55278.33
p52,2082,2082-11-20,56450.770000000004
p52,2082,2082-11-21,55396.03
p52,2082,2082-11-22,53896.05
p52,2082,2082-11-23,54342.130000000005
p52,2082,2082-11-24,56333.76
p52,2082,2082-11-25,56766.17
p52,2082,2082-11-26,36018.42
p52,2082,2082-11-27,59638.06
p52,2082,2082-11-28,59530.64
p52,2082,2082-11-29,58841.24
p52,2082,2082-11-30,58275.14
p52,2082,2082-12-01,64032.42
p52,2082,2082-12-02,64499.11
p52,2082,2082-12-03,64615.229999999996
p52,2082,2082-12-04,66213.34
p52,2082,2082-12-05,67439.52
p52,2082,2082-12-06,67607.82
p52,2082,2082-12-07,66709.73
p52,2082,2082-12-08,66320.29
p52,2082,2082-12-09,66656.87
p52,2082,2082-12-10,68044.34
p52,2082,2082-12-11,67999.06999999999
p52,2082,2082-12-12,67344.25
p52,2082,2082-12-13,66880.42
p52,2082,2082-12-14,67725.3
p52,2082,2082-12-15,68565.53
p52,2082,2082-12-16,66889.16
p52,2082,2082-12-17,67113.85
p52,2082,2082-12-18,69471.46
p52,2082,2082-12-19,69339.54000000001
p52,2082,2082-12-20,69729.59
p52,2082,2082-12-21,70865.68000000001
p52,2082,2082-12-22,71946.2
p52,2082,2082-12-23,71709.66
p52,2082,2082-12-24,71504.02
p52,2082,2082-12-25,50005.509999999995
p52,2082,2082-12-26,71142.56
p52,2082,2082-12-27,71753.22
p52,2082,2082-12-28,72400.74
p52,2082,2082-12-29,74148.51999999999
p52,2082,2082-12-30,74934.11
p52,2082,2082-12-31,75178.45
p52,2083,2083-01-01,-1312.5100000000002
p52,2083,2083-01-02,3115.21
p52,2083,2083-01-03,3081.6099999999997
p52,2083,2083-01-04,11723.689999999999
p52,2083,2083-01-05,11116.93
p52,2083,2083-01-06,11613.47
p52,2083,2083-01-07,12583.86
p52,2083,2083-01-08,12764.33
p52,2083,2083-01-09,2040.6600000000003
p52,2083,2083-01-10,892.2699999999995
p52,2083,2083-01-11,10005.33
p52,2083,2083-01-12,11309.560000000001
p52,2083,2083-01-13,11500.740000000002
p52,2083,2083-01-14,12521.100000000002
p52,2083,2083-01-15,14045.939999999999
p52,2083,2083-01-16,3492.58
p52,2083,2083-01-17,3322.2200000000003
p52,2083,2083-01-18,-3277.1799999999994
p52,2083,2083-01-19,10079.16
p52,2083,2083-01-20,9932.04
p52,2083,2083-01-21,10140.55
p52,2083,2083-01-22,11279.3
p52,2083,2083-01-23,3800.13
p52,2083,2083-01-24,3549.14
p52,2083,2083-01-25,9805.2
p52,2083,2083-01-26,10629.16
p52,2083,2083-01-27,10404.59
p52,2083,2083-01-28,10849.26
p52,2083,2083-01-29,10059.27
p52,2083,2083-01-30,1449.46
p52,2083,2083-01-31,617.3000000000002
p52,2083,2083-02-01,8673.86
p52,2083,2083-02-02,8024.23
p52,2083,2083-02-03,7149.4
p52,2083,2083-02-04,7971.19
p52,2083,2083-02-05,9285.52
p52,2083,2083-02-06,1097.79
p52,2083,2083-02-07,2521.52
p52,2083,2083-02-08,10801.7
p52,2083,2083-02-09,10677.2
p52,2083,2083-02-10,10309.77
p52,2083,2083-02-11,9789.199999999999
p52,2083,2083-02-12,10152.029999999999
p52,2083,2083-02-13,1066.9300000000003
p52,2083,2083-02-14,2125.92
p52,2083,2083-02-15,-5029.08
p52,2083,2083-02-16,10926.23
p52,2083,2083-02-17,11815.76
p52,2083,2083-02-18,11094.75
p52,2083,2083-02-19,9255.560000000001
p52,2083,2083-02-20,-30.100000000000364
p52,2083,2083-02-21,400.60000000000036
p52,2083,2083-02-22,7904.72
p52,2083,2083-02-23,8264.3
p52,2083,2083-02-24,8486.95
p52,2083,2083-02-25,8679.15
p52,2083,2083-02-26,6646.16
p52,2083,2083-02-27,-2574.0699999999997
p52,2083,2083-02-28,-3781.8899999999994
p52,2083,2083-03-01,7461.02
p52,2083,2083-03-02,7759.950000000001
p52,2083,2083-03-03,8728.42
p52,2083,2083-03-04,7761.17
p52,2083,2083-03-05,7573.370000000001
p52,2083,2083-03-06,-2773.9200000000005
p52,2083,2083-03-07,-5796.41
p52,2083,2083-03-08,209.10999999999967
p52,2083,2083-03-09,478.25999999999976
p52,2083,2083-03-10,2363.8999999999996
p52,2083,2083-03-11,515.4200000000005
p52,2083,2083-03-12,940.8099999999995
p52,2083,2083-03-13,-8504.17
p52,2083,2083-03-14,-9481.23
p52,2083,2083-03-15,-1675.4400000000005
p52,2083,2083-03-16,-1131.4
p52,2083,2083-03-17,-2987.89
p52,2083,2083-03-18,-4488.05
p52,2083,2083-03-19,-5074.099999999999
p52,2083,2083-03-20,-12051.07
p52,2083,2083-03-21,-13067.31
p52,2083,2083-03-22,-6455.949999999999
p52,2083,2083-03-23,-7406.609999999999
p52,2083,2083-03-24,-6655.74
p52,2083,2083-03-25,-5525.59
p52,2083,2083-03-26,-6726.98
p52,2083,2083-03-27,-16384.53
p52,2083,2083-03-28,-14676.390000000001
p52,2083,2083-03-29,-7431.3099999999995
p52,2083,2083-03-30,-6741.280000000001
p52,2083,2083-03-31,-5360.14
p52,2083,2083-04-01,-2183.6099999999997
p52,2083,2083-04-02,-3271.0200000000004
p52,2083,2083-04-03,-10905.64
p52,2083,2083-04-04,-8752.699999999999
p52,2083,2083-04-05,-1977.0900000000006
p52,2083,2083-04-06,-631.7000000000003
p52,2083,2083-04-07,-2160.8399999999997
p52,2083,2083-04-08,-2582.81
p52,2083,2083-04-09,-2433.5399999999995
p52,2083,2083-04-10,-10342.92
p52,2083,2083-04-11,-10319.47
p52,2083,2083-04-12,-3511.8999999999996
p52,2083,2083-04-13,-4715.72
p52,2083,2083-04-14,-3663.3999999999996
p52,2083,2083-10-21,38944.82
p52,2083,2083-10-22,39509.939999999995
p52,2083,2083-10-23,39508.69
p52,2083,2083-10-24,38412.399999999994
p52,2083,2083-10-25,38618.159999999996
p52,2083,2083-10-26,40530.100000000006
p52,2083,2083-10-27,41051.49
p52,2083,2083-10-28,41765.009999999995
p52,2083,2083-10-29,42440.26
p52,2083,2083-10-30,41200.15
p52,2083,2083-10-31,41641.61
p52,2083,2083-11-01,48317.56
p52,2083,2083-11-02,47532.67
p52,2083,2083-11-03,47911.590000000004
p52,2083,2083-11-04,48305.219999999994
p52,2083,2083-11-05,48261.58
p52,2083,2083-11-06,49659.380000000005
p52,2083,2083-11-07,49701.869999999995
p52,2083,2083-11-08,50177.94
p52,2083,2083-11-09,51031.97
p52,2083,2083-11-10,50654.64
p52,2083,2083-11-11,28301.019999999997
p52,2083,2083-11-12,51688.26
p52,2083,2083-11-13,51127.96
p52,2083,2083-11-14,50668.23
p52,2083,2083-11-15,52126.97
p52,2083,2083-11-16,52505.95
p52,2083,2083-11-17,50722.02
p52,2083,2083-11-18,51461.88
p52,2083,2083-11-19,54139.5
p52,2083,2083-11-20,53509.05
p52,2083,2083-11-21,53133.5
p52,2083,2083-11-22,54605.45
p52,2083,2083-11-23,56559.200000000004
p52,2083,2083-11-24,56193.979999999996
p52,2083,2083-11-25,34662.46
p52,2083,2083-11-26,55877.130000000005
p52,2083,2083-11-27,56118.56
p52,2083,2083-11-28,55664.6
p52,2083,2083-11-29,55863.659999999996
p52,2083,2083-11-30,57806.130000000005
p52,2083,2083-12-01,64123.95
p52,2083,2083-12-02,64891.21000000001
p52,2083,2083-12-03,64699.16
p52,2083,2083-12-04,65227.75
p52,2083,2083-12-05,65590.94
p52,2083,2083-12-06,64069.11
p52,2083,2083-12-07,63924.53999999999
p52,2083,2083-12-08,63889.95
p52,2083,2083-12-09,66026.29
p52,2083,2083-12-10,66941.53
p52,2083,2083-12-11,64666.0
p52,2083,2083-12-12,64389.71
p52,2083,2083-12-13,64242.600000000006
p52,2083,2083-12-14,65499.25
p52,2083,2083-12-15,66791.27
p52,2083,2083-12-16,68778.64
p52,2083,2083-12-17,69967.73
p52,2083,2083-12-18,69511.72
p52,2083,2083-12-19,68097.4
p52,2083,2083-12-20,66946.37
p52,2083,2083-12-21,67866.73999999999
p52,2083,2083-12-22,68261.25
p52,2083,2083-12-23,69626.89
p52,2083,2083-12-24,49437.22
p52,2083,2083-12-25,57595.81
p52,2083,2083-12-26,71279.54
p52,2083,2083-12-27,70593.03
p52,2083,2083-12-28,71622.49
p52,2083,2083-12-29,72445.17000000001
p52,2083,2083-12-30,72558.32
p52,2083,2083-12-31,50355.7
p52,2084,2084-01-01,-12053.6
p52,2084,2084-01-02,1866.5
p52,2084,2084-01-03,9110.55
p52,2084,2084-01-04,8409.98
p52,2084,2084-01-05,8151.72
p52,2084,2084-01-06,9535.61
p52,2084,2084-01-07,9992.779999999999
p52,2084,2084-01-08,1686.65
p52,2084,2084-01-09,3086.73
p52,2084,2084-01-10,10683.759999999998
p52,2084,2084-01-11,10304.240000000002
p52,2084,2084-01-12,10211.19
p52,2084,2084-01-13,9533.49
p52,2084,2084-01-14,9345.6
p52,2084,2084-01-15,1109.9499999999998
p52,2084,2084-01-16,897.52
p52,2084,2084-01-17,-3725.48
p52,2084,2084-01-18,10941.220000000001
p52,2084,2084-01-19,10122.6
p52,2084,2084-01-20,9028.5
p52,2084,2084-01-21,8705.93
p52,2084,2084-01-22,15.179999999999836
p52,2084,2084-01-23,706.9500000000003
p52,2084,2084-01-24,8274.24
p52,2084,2084-01-25,7803.14
p52,2084,2084-01-26,9612.81
p52,2084,2084-01-27,8423.76
p52,2084,2084-01-28,7740.79
p52,2084,2084-01-29,-2049.3299999999995
p52,2084,2084-01-30,-814.2899999999995
p52,2084,2084-01-31,5798.52
p52,2084,2084-02-01,7397.48
p52,2084,2084-02-02,9325.51
p52,2084,2084-02-03,8859.89
p52,2084,2084-02-04,8305.14
p52,2084,2084-02-05,-200.94000000000005
p52,2084,2084-02-06,-983.4200000000001
p52,2084,2084-02-07,6719.28
p52,2084,2084-02-08,7628.22
p52,2084,2084-02-09,8396.939999999999
p52,2084,2084-02-10,9385.54
p52,2084,2084-02-11,10240.34
p52,2084,2084-02-12,1547.4500000000003
p52,2084,2084-02-13,16.769999999999527
p52,2084,2084-02-14,8123.07
p52,2084,2084-02-15,7910.1900000000005
p52,2084,2084-02-16,7869.43
p52,2084,2084-02-17,8337.199999999999
p52,2084,2084-02-18,9318.83
p52,2084,2084-02-19,-276.8699999999999
p52,2084,2084-02-20,-2089.8900000000003
p52,2084,2084-02-21,-10277.869999999999
p52,2084,2084-02-22,5715.719999999999
p52,2084,2084-02-23,6173.84
p52,2084,2084-02-24,5670.46
p52,2084,2084-02-25,7568.88
p52,2084,2084-02-26,-1035.13
p52,2084,2084-02-27,-985.25
p52,2084,2084-02-28,4167.12
p52,2084,2084-02-29,6580.58
p52,2084,2084-03-01,5848.37
p52,2084,2084-03-02,4930.3
p52,2084,2084-03-03,5551.34
p52,2084,2084-03-04,-4174.38
p52,2084,2084-03-05,-4016.169999999999
p52,2084,2084-03-06,3900.9300000000003
p52,2084,2084-03-07,1599.58
p52,2084,2084-03-08,-931.5700000000006
p52,2084,2084-03-09,-1629.67
p52,2084,2084-03-10,543.0899999999997
p52,2084,2084-03-11,-10808.009999999998
p52,2084,2084-03-12,-12290.800000000001
p52,2084,2084-03-13,-4124.040000000001
p52,2084,2084-03-14,-2707.28
p52,2084,2084-03-15,-3671.3599999999997
p52,2084,2084-03-16,-5220.52
p52,2084,2084-03-17,-6301.209999999999
p52,2084,2084-03-18,-15321.17
p52,2084,2084-03-19,-16458.71
p52,2084,2084-03-20,-6487.46
p52,2084,2084-03-21,-5290.3200000000015
p52,2084,2084-03-22,-5400.719999999999
p52,2084,2084-03-23,-7243.67
p52,2084,2084-03-24,-7300.39
p52,2084,2084-03-25,-15943.410000000002
p52,2084,2084-03-26,-18057.87
p52,2084,2084-03-27,-11871.09
p52,2084,2084-03-28,-9033.509999999998
p52,2084,2084-03-29,-9240.220000000001
p52,2084,2084-03-30,-8024.98
p52,2084,2084-03-31,-5767.64
p52,2084,2084-04-01,-10278.859999999999
p52,2084,2084-04-02,-12098.02
p52,2084,2084-04-03,-6234.2
p52,2084,2084-04-04,-3528.1299999999997
p52,2084,2084-04-05,-5004.85
p52,2084,2084-04-06,-3733.7400000000007
p52,2084,2084-04-07,-3418.1299999999997
p52,2084,2084-04-08,-11505.58
p52,2084,2084-04-09,-13503.410000000002
p52,2084,2084-04-10,-7241.130000000001
p52,2084,2084-04-11,-4914.200000000001
p52,2084,2084-04-12,-5367.9
p52,2084,2084-04-13,-7444.85
p52,2084,2084-04-14,-4456.58
p52,2084,2084-04-15,-11945.48
p52,2084,2084-04-16,-13509.58
p52,2084,2084-10-16,38564.57
p52,2084,2084-10-17,38131.08
p52,2084,2084-10-19,37145.43
p52,2084,2084-10-20,38798.37
p52,2084,2084-10-21,36988.39
p52,2084,2084-10-22,36497.18
p52,2084,2084-10-23,38848.72
p52,2084,2084-10-24,40469.89
p52,2084,2084-10-25,39712.850000000006
p52,2084,2084-10-26,39848.32
p52,2084,2084-10-27,40310.26
p52,2084,2084-10-28,39346.07
p52,2084,2084-10-29,38647.55
p52,2084,2084-10-30,38522.66
p52,2084,2084-10-31,40816.469999999994
p52,2084,2084-11-01,48040.72
p52,2084,2084-11-02,47248.920000000006
p52,2084,2084-11-03,47865.57
p52,2084,2084-11-04,47464.58
p52,2084,2084-11-05,46990.59
p52,2084,2084-11-06,48428.56
p52,2084,2084-11-07,47714.3
p52,2084,2084-11-08,48107.96000000001
p52,2084,2084-11-09,50049.99
p52,2084,2084-11-10,28443.77
p52,2084,2084-11-11,37982.74
p52,2084,2084-11-12,47750.19
p52,2084,2084-11-13,49901.43
p52,2084,2084-11-14,50144.2
p52,2084,2084-11-15,50720.94
p52,2084,2084-11-16,52153.170000000006
p52,2084,2084-11-17,53049.84
p52,2084,2084-11-18,52921.57
p52,2084,2084-11-19,53013.229999999996
p52,2084,2084-11-20,51900.479999999996
p52,2084,2084-11-21,51552.78
p52,2084,2084-11-22,52476.02
p52,2084,2084-11-23,32628.050000000003
p52,2084,2084-11-24,55378.549999999996
p52,2084,2084-11-25,55831.659999999996
p52,2084,2084-11-26,55522.04
p52,2084,2084-11-27,55189.479999999996
p52,2084,2084-11-28,55020.920000000006
p52,2084,2084-11-29,55597.020000000004
p52,2084,2084-11-30,56244.469999999994
p52,2084,2084-12-01,61658.65
p52,2084,2084-12-02,63004.02
p52,2084,2084-12-03,63951.78999999999
p52,2084,2084-12-04,62510.130000000005
p52,2084,2084-12-05,61337.88
p52,2084,2084-12-06,61222.97
p52,2084,2084-12-07,62949.71000000001
p52,2084,2084-12-08,63477.57
p52,2084,2084-12-09,64707.44
p52,2084,2084-12-10,66557.69
p52,2084,2084-12-11,65566.49
p52,2084,2084-12-12,65501.32
p52,2084,2084-12-13,64416.8
p52,2084,2084-12-14,64421.06
p52,2084,2084-12-15,65599.91
p52,2084,2084-12-16,66439.25
p52,2084,2084-12-17,66852.41
p52,2084,2084-12-18,67023.18000000001
p52,2084,2084-12-19,67772.41
p52,2084,2084-12-20,68024.63
p52,2084,2084-12-21,68122.45
p52,2084,2084-12-22,68564.29000000001
p52,2084,2084-12-23,69438.58
p52,2084,2084-12-24,69275.99
p52,2084,2084-12-25,45733.18
p52,2084,2084-12-26,68294.5
p52,2084,2084-12-27,70583.01
p52,2084,2084-12-28,70661.91
p52,2084,2084-12-29,69452.76
p52,2084,2084-12-30,69382.70999999999
p52,2084,2084-12-31,70693.78
p52,2085,2085-01-01,-7657.019999999999
p52,2085,2085-01-02,8020.86
p52,2085,2085-01-03,9113.46
p52,2085,2085-01-04,10315.26
p52,2085,2085-01-05,9880.36
p52,2085,2085-01-06,361.8000000000002
p52,2085,2085-01-07,-680.96
p52,2085,2085-01-08,7180.619999999999
p52,2085,2085-01-09,8328.150000000001
p52,2085,2085-01-10,7960.53
p52,2085,2085-01-11,8529.65
p52,2085,2085-01-12,10149.07
p52,2085,2085-01-13,827.54
p52,2085,2085-01-14,-536.5999999999999
p52,2085,2085-01-15,-6864.400000000001
p52,2085,2085-01-16,7529.84
p52,2085,2085-01-17,8154.12
p52,2085,2085-01-18,6925.65
p52,2085,2085-01-19,7332.66
p52,2085,2085-01-20,-880.8100000000004
p52,2085,2085-01-21,-2213.0799999999995
p52,2085,2085-01-22,3600.56
p52,2085,2085-01-23,5583.83
p52,2085,2085-01-24,6833.360000000001
p52,2085,2085-01-25,5743.1900000000005
p52,2085,2085-01-26,7444.15
p52,2085,2085-01-27,-900.7600000000002
p52,2085,2085-01-28,-155.48000000000047
p52,2085,2085-01-29,6839.72
p52,2085,2085-01-30,7146.3099999999995
p52,2085,2085-01-31,4514.360000000001
p52,2085,2085-02-01,4952.02
p52,2085,2085-02-02,6562.65
p52,2085,2085-02-03,-2020.52
p52,2085,2085-02-04,-1984.1399999999999
p52,2085,2085-02-05,6480.96
p52,2085,2085-02-06,6772.36
p52,2085,2085-02-07,6424.0
p52,2085,2085-02-08,6293.64
p52,2085,2085-02-09,7261.67
p52,2085,2085-02-10,-1276.8700000000003
p52,2085,2085-02-11,-2449.4499999999994
p52,2085,2085-02-12,5954.3
p52,2085,2085-02-13,6909.18
p52,2085,2085-02-14,6738.59
p52,2085,2085-02-15,3975.3
p52,2085,2085-02-16,4902.29
p52,2085,2085-02-17,-1732.2399999999998
p52,2085,2085-02-18,-1833.92
p52,2085,2085-02-19,-10652.68
p52,2085,2085-02-20,5177.22
p52,2085,2085-02-21,6587.12
p52,2085,2085-02-22,6283.43
p52,2085,2085-02-23,5652.09
p52,2085,2085-02-24,-4426.59
p52,2085,2085-02-25,-4400.9400000000005
p52,2085,2085-02-26,3236.13
p52,2085,2085-02-27,4321.8
p52,2085,2085-02-28,2331.7000000000003
p52,2085,2085-03-01,5948.43
p52,2085,2085-03-02,5661.549999999999
p52,2085,2085-03-03,-4166.18
p52,2085,2085-03-04,-6070.82
p52,2085,2085-03-05,2178.09
p52,2085,2085-03-06,1617.1899999999996
p52,2085,2085-03-07,-1865.69
p52,2085,2085-03-08,-3056.8600000000006
p52,2085,2085-03-09,-1995.4799999999996
p52,2085,2085-03-10,-10192.65
p52,2085,2085-03-11,-14383.94
p52,2085,2085-03-12,-6845.73
p52,2085,2085-03-13,-5734.1500000000015
p52,2085,2085-03-14,-5566.9800000000005
p52,2085,2085-03-15,-5306.639999999999
p52,2085,2085-03-16,-3808.8700000000003
p52,2085,2085-03-17,-14038.41
p52,2085,2085-03-18,-15702.81
p52,2085,2085-03-19,-9387.93
p52,2085,2085-03-20,-7929.950000000001
p52,2085,2085-03-21,-8631.220000000001
p52,2085,2085-03-22,-8757.2
p52,2085,2085-03-23,-9137.75
p52,2085,2085-03-24,-17742.43
p52,2085,2085-03-25,-16729.55
p52,2085,2085-03-26,-10391.64
p52,2085,2085-03-27,-12835.6
p52,2085,2085-03-28,-11282.140000000001
p52,2085,2085-03-29,-11558.710000000001
p52,2085,2085-03-30,-10522.4
p52,2085,2085-03-31,-18406.46
p52,2085,2085-04-01,-12973.04
p52,2085,2085-04-02,-6795.09
p52,2085,2085-04-03,-7881.889999999999
p52,2085,2085-04-04,-6878.900000000001
p52,2085,2085-04-05,-7542.849999999999
p52,2085,2085-04-06,-5338.910000000001
p52,2085,2085-04-07,-13522.079999999998
p52,2085,2085-04-08,-13630.649999999998
p52,2085,2085-04-09,-6229.03
p52,2085,2085-04-10,-6021.219999999999
p52,2085,2085-04-11,-5424.990000000001
p52,2085,2085-04-12,-6349.15
p52,2085,2085-04-13,-8780.66
p52,2085,2085-04-14,-14699.11
p52,2085,2085-04-15,-15115.44
p52,2085,2085-04-16,-9040.93
p52,2085,2085-04-17,-10701.150000000001
p52,2085,2085-04-18,-9459.439999999999
p52,2085,2085-04-19,-8194.4
p52,2085,2085-04-20,-7507.36
p52,2085,2085-10-16,36384.4
p52,2085,2085-10-17,36057.48
p52,2085,2085-10-18,37195.3
p52,2085,2085-10-19,38405.03
p52,2085,2085-10-20,37070.57
p52,2085,2085-10-21,35651.94
p52,2085,2085-10-22,35227.29
p52,2085,2085-10-23,36454.06
p52,2085,2085-10-24,37275.170000000006
p52,2085,2085-10-25,37195.229999999996
p52,2085,2085-10-26,38721.73
p52,2085,2085-10-27,38186.9
p52,2085,2085-10-28,38508.17
p52,2085,2085-10-29,38200.86
p52,2085,2085-10-30,37397.13
p52,2085,2085-10-31,39091.62
p52,2085,2085-11-01,45967.47
p52,2085,2085-11-02,44800.74
p52,2085,2085-11-03,44803.27
p52,2085,2085-11-04,46026.85
p52,2085,2085-11-05,45155.85
p52,2085,2085-11-06,45687.87
p52,2085,2085-11-07,45201.9
p52,2085,2085-11-08,46484.090000000004
p52,2085,2085-11-09,48027.59
p52,2085,2085-11-10,47478.65
p52,2085,2085-11-11,38121.36
p52,2085,2085-11-12,27377.15
p52,2085,2085-11-13,50174.39
p52,2085,2085-11-14,49165.409999999996
p52,2085,2085-11-15,49071.39
p52,2085,2085-11-16,49643.87
p52,2085,2085-11-17,49277.2
p52,2085,2085-11-18,50244.88
p52,2085,2085-11-19,51701.18
p52,2085,2085-11-20,52123.17
p52,2085,2085-11-21,51542.34
p52,2085,2085-11-22,30173.29
p52,2085,2085-11-23,53098.049999999996
p52,2085,2085-11-24,53474.44
p52,2085,2085-11-25,53290.92999999999
p52,2085,2085-11-26,51849.880000000005
p52,2085,2085-11-27,53299.14
p52,2085,2085-11-28,54114.17
p52,2085,2085-11-29,53889.229999999996
p52,2085,2085-11-30,53283.75
p52,2085,2085-12-01,59588.6
p52,2085,2085-12-02,61214.149999999994
p52,2085,2085-12-03,59955.45
p52,2085,2085-12-04,61317.13
p52,2085,2085-12-05,63048.96
p52,2085,2085-12-06,63458.53
p52,2085,2085-12-07,63580.619999999995
p52,2085,2085-12-08,62895.21
p52,2085,2085-12-09,62595.03
p52,2085,2085-12-10,62046.91
p52,2085,2085-12-11,62520.369999999995
p52,2085,2085-12-12,63311.9
p52,2085,2085-12-13,63689.25
p52,2085,2085-12-14,65249.23
p52,2085,2085-12-15,66069.67
p52,2085,2085-12-16,65637.0
p52,2085,2085-12-17,64572.66
p52,2085,2085-12-18,65923.28
p52,2085,2085-12-19,65296.23
p52,2085,2085-12-20,64664.0
p52,2085,2085-12-21,66269.92
p52,2085,2085-12-22,67818.09
p52,2085,2085-12-23,67462.20999999999
p52,2085,2085-12-24,64720.41
p52,2085,2085-12-25,43651.84
p52,2085,2085-12-26,66687.25
p52,2085,2085-12-27,67769.28
p52,2085,2085-12-28,69553.58
p52,2085,2085-12-29,71092.02
p52,2085,2085-12-30,71417.5
p52,2085,2085-12-31,70148.46
p52,2086,2086-01-01,-8499.93
p52,2086,2086-01-02,5865.88
p52,2086,2086-01-03,5359.429999999999
p52,2086,2086-01-04,7016.030000000001
p52,2086,2086-01-05,-1440.4300000000003
p52,2086,2086-01-06,-929.7000000000007
p52,2086,2086-01-07,7063.23
p52,2086,2086-01-08,7782.540000000001
p52,2086,2086-01-09,7307.719999999999
p52,2086,2086-01-10,5993.7300000000005
p52,2086,2086-01-11,6763.62
p52,2086,2086-01-12,-1759.9299999999998
p52,2086,2086-01-13,-3002.6299999999997
p52,2086,2086-01-14,4871.37
p52,2086,2086-01-15,7123.47
p52,2086,2086-01-16,5420.57
p52,2086,2086-01-17,4509.21
p52,2086,2086-01-18,4662.5
p52,2086,2086-01-19,-3673.69
p52,2086,2086-01-20,-4026.5200000000004
p52,2086,2086-01-21,-10769.5
p52,2086,2086-01-22,5481.68
p52,2086,2086-01-23,7229.56
p52,2086,2086-01-24,6701.24
p52,2086,2086-01-25,5293.7300000000005
p52,2086,2086-01-26,-3605.95
p52,2086,2086-01-27,-4657.92
p52,2086,2086-01-28,4379.07
p52,2086,2086-01-29,4991.9400000000005
p52,2086,2086-01-30,5986.37
p52,2086,2086-01-31,4410.7300000000005
p52,2086,2086-02-01,5669.360000000001
p52,2086,2086-02-02,-2751.6100000000006
p52,2086,2086-02-03,-4132.289999999999
p52,2086,2086-02-04,3103.03
p52,2086,2086-02-05,3925.06
p52,2086,2086-02-06,3028.6699999999996
p52,2086,2086-02-07,4163.93
p52,2086,2086-02-08,5986.75
p52,2086,2086-02-09,-3137.63
p52,2086,2086-02-10,-5100.110000000001
p52,2086,2086-02-11,2523.85
p52,2086,2086-02-12,4352.35
p52,2086,2086-02-13,3794.62
p52,2086,2086-02-14,5123.32
p52,2086,2086-02-15,5958.18
p52,2086,2086-02-16,-1893.56
p52,2086,2086-02-17,-2016.2700000000004
p52,2086,2086-02-18,-10307.24
p52,2086,2086-02-19,3040.05
p52,2086,2086-02-20,1500.6400000000003
p52,2086,2086-02-21,3102.7599999999998
p52,2086,2086-02-22,4698.41
p52,2086,2086-02-23,-4056.7400000000002
p52,2086,2086-02-24,-4652.699999999999
p52,2086,2086-02-25,3909.29
p52,2086,2086-02-26,2772.08
p52,2086,2086-02-27,2299.5699999999997
p52,2086,2086-02-28,160.90999999999985
p52,2086,2086-03-01,3693.14
p52,2086,2086-03-02,-6468.9400000000005
p52,2086,2086-03-03,-6646.05
p52,2086,2086-03-04,1132.6499999999996
p52,2086,2086-03-05,770.1600000000003
p52,2086,2086-03-06,-1862.3400000000006
p52,2086,2086-03-07,-4362.25
p52,2086,2086-03-08,-4548.39
p52,2086,2086-03-09,-13306.09
p52,2086,2086-03-10,-12090.55
p52,2086,2086-03-11,-5324.669999999999
p52,2086,2086-03-12,-4980.750000000001
p52,2086,2086-03-13,-6030.66
p52,2086,2086-03-14,-6434.75
p52,2086,2086-03-15,-6614.49
p52,2086,2086-03-16,-16163.269999999999
p52,2086,2086-03-17,-17606.06
p52,2086,2086-03-18,-9735.83
p52,2086,2086-03-19,-10307.51
p52,2086,2086-03-20,-8513.3
p52,2086,2086-03-21,-8893.45
p52,2086,2086-03-22,-9532.95
p52,2086,2086-03-23,-19970.15
p52,2086,2086-03-24,-19993.26
p52,2086,2086-03-25,-11165.27
p52,2086,2086-03-26,-13459.280000000002
p52,2086,2086-03-27,-15365.509999999998
p52,2086,2086-03-28,-12480.46
p52,2086,2086-03-29,-13293.53
p52,2086,2086-03-30,-22627.84
p52,2086,2086-03-31,-21331.54
p52,2086,2086-04-01,-8047.220000000001
p52,2086,2086-04-02,-9123.259999999998
p52,2086,2086-04-03,-9805.5
p52,2086,2086-04-04,-6266.7300000000005
p52,2086,2086-04-05,-6209.27
p52,2086,2086-04-06,-13235.53
p52,2086,2086-04-07,-14738.67
p52,2086,2086-04-08,-8356.42
p52,2086,2086-04-09,-8767.84
p52,2086,2086-04-10,-9214.23
p52,2086,2086-04-11,-7676.799999999999
p52,2086,2086-04-12,-7433.93
p52,2086,2086-04-13,-16604.219999999998
p52,2086,2086-04-14,-15443.57
p52,2086,2086-04-15,-9397.14
p52,2086,2086-04-16,-10439.11
p52,2086,2086-04-17,-12681.199999999999
p52,2086,2086-04-18,-11910.85
p52,2086,2086-04-19,-10875.7
p52,2086,2086-04-20,-17391.1
p52,2086,2086-04-21,-20010.43
p52,2086,2086-04-22,-13205.960000000001
p52,2086,2086-10-13,31301.48
p52,2086,2086-10-14,10440.57
p52,2086,2086-10-15,34717.04
p52,2086,2086-10-16,35230.88
p52,2086,2086-10-17,34371.87
p52,2086,2086-10-18,34893.03
p52,2086,2086-10-19,33906.68
p52,2086,2086-10-20,34211.89
p52,2086,2086-10-21,34686.25
p52,2086,2086-10-22,34759.65
p52,2086,2086-10-23,35856.36
p52,2086,2086-10-24,36136.87
p52,2086,2086-10-25,36085.48
p52,2086,2086-10-26,35885.54
p52,2086,2086-10-27,35910.409999999996
p52,2086,2086-10-28,36373.56
p52,2086,2086-10-29,36067.88
p52,2086,2086-10-30,36075.95
p52,2086,2086-10-31,37148.07
p52,2086,2086-11-01,43295.7
p52,2086,2086-11-02,41743.19
p52,2086,2086-11-03,43053.729999999996
p52,2086,2086-11-04,43718.240000000005
p52,2086,2086-11-05,43696.649999999994
p52,2086,2086-11-06,46380.579999999994
p52,2086,2086-11-07,46463.83
p52,2086,2086-11-08,46736.159999999996
p52,2086,2086-11-09,46245.229999999996
p52,2086,2086-11-10,45574.39
p52,2086,2086-11-11,22517.71
p52,2086,2086-11-12,46600.81
p52,2086,2086-11-13,47862.97
p52,2086,2086-11-14,47890.21
p52,2086,2086-11-15,49185.72
p52,2086,2086-11-16,48937.09
p52,2086,2086-11-17,48287.39
p52,2086,2086-11-18,48802.47
p52,2086,2086-11-19,50631.84
p52,2086,2086-11-20,49899.39
p52,2086,2086-11-21,48441.89
p52,2086,2086-11-22,49901.78
p52,2086,2086-11-23,51821.01
p52,2086,2086-11-24,51469.68000000001
p52,2086,2086-11-25,49472.47
p52,2086,2086-11-26,49818.23
p52,2086,2086-11-27,51651.23
p52,2086,2086-11-28,29849.43
p52,2086,2086-11-29,52657.060000000005
p52,2086,2086-11-30,54507.47
p52,2086,2086-12-01,61267.69
p52,2086,2086-12-02,59930.17
p52,2086,2086-12-03,59608.85
p52,2086,2086-12-04,59478.42
p52,2086,2086-12-05,59633.05
p52,2086,2086-12-06,60435.0
p52,2086,2086-12-07,61631.31
p52,2086,2086-12-08,61682.88
p52,2086,2086-12-09,61567.61
p52,2086,2086-12-10,63009.66
p52,2086,2086-12-11,62009.98
p52,2086,2086-12-12,61997.62
p52,2086,2086-12-13,62614.9
p52,2086,2086-12-14,63117.63
p52,2086,2086-12-15,62444.99
p52,2086,2086-12-16,62183.42
p52,2086,2086-12-17,64490.95
p52,2086,2086-12-18,64154.53
p52,2086,2086-12-19,61681.700000000004
p52,2086,2086-12-20,62637.39
p52,2086,2086-12-21,64651.159999999996
p52,2086,2086-12-22,64689.78
p52,2086,2086-12-23,64775.100000000006
p52,2086,2086-12-24,67257.98
p52,2086,2086-12-25,45558.64
p52,2086,2086-12-26,66829.72
p52,2086,2086-12-27,67489.24
p52,2086,2086-12-28,67398.63
p52,2086,2086-12-29,67177.81999999999
p52,2086,2086-12-30,67068.5
p52,2086,2086-12-31,68616.16
p52,2087,2087-01-01,-9944.91
p52,2087,2087-01-02,5796.27
p52,2087,2087-01-03,6030.66
p52,2087,2087-01-04,-2821.98
p52,2087,2087-01-05,-3638.5299999999997
p52,2087,2087-01-06,4587.33
p52,2087,2087-01-07,4454.679999999999
p52,2087,2087-01-08,3930.6900000000005
p52,2087,2087-01-09,4862.17
p52,2087,2087-01-10,5664.39
p52,2087,2087-01-11,-3845.98
p52,2087,2087-01-12,-5592.37
p52,2087,2087-01-13,1942.1799999999998
p52,2087,2087-01-14,3254.68
p52,2087,2087-01-15,3948.0600000000004
p52,2087,2087-01-16,3676.8099999999995
p52,2087,2087-01-17,6562.1
p52,2087,2087-01-18,-2379.26
p52,2087,2087-01-19,-3922.7400000000002
p52,2087,2087-01-20,-12008.349999999999
p52,2087,2087-01-21,2248.4299999999994
p52,2087,2087-01-22,1712.67
p52,2087,2087-01-23,3552.76
p52,2087,2087-01-24,4982.03
p52,2087,2087-01-25,-4702.450000000001
p52,2087,2087-01-26,-3944.54
p52,2087,2087-01-27,3513.6499999999996
p52,2087,2087-01-28,3867.2299999999996
p52,2087,2087-01-29,2875.57
p52,2087,2087-01-30,3706.16
p52,2087,2087-01-31,1927.7300000000002
p52,2087,2087-02-01,-6128.84
p52,2087,2087-02-02,-5408.720000000001
p52,2087,2087-02-03,2329.83
p52,2087,2087-02-04,1526.73
p52,2087,2087-02-05,143.92000000000007
p52,2087,2087-02-06,367.75
p52,2087,2087-02-07,2630.45
p52,2087,2087-02-08,-5445.73
p52,2087,2087-02-09,-5193.530000000001
p52,2087,2087-02-10,3940.8399999999997
p52,2087,2087-02-11,4672.349999999999
p52,2087,2087-02-12,4058.17
p52,2087,2087-02-13,2883.1400000000003
p52,2087,2087-02-14,3711.16
p52,2087,2087-02-15,-6098.71
p52,2087,2087-02-16,-5831.25
p52,2087,2087-02-17,-12002.66
p52,2087,2087-02-18,4721.42
p52,2087,2087-02-19,2896.1699999999996
p52,2087,2087-02-20,1730.4699999999993
p52,2087,2087-02-21,2711.7700000000004
p52,2087,2087-02-22,-5908.92
p52,2087,2087-02-23,-6409.370000000001
p52,2087,2087-02-24,199.76000000000022
p52,2087,2087-02-25,877.8900000000003
p52,2087,2087-02-26,425.42999999999984
p52,2087,2087-02-27,1572.5800000000004
p52,2087,2087-02-28,-1299.8199999999997
p52,2087,2087-03-01,-8364.0
p52,2087,2087-03-02,-9251.740000000002
p52,2087,2087-03-03,-418.5999999999999
p52,2087,2087-03-04,-1207.8700000000008
p52,2087,2087-03-05,-855.3300000000008
p52,2087,2087-03-06,-311.1900000000005
p52,2087,2087-03-07,-2192.85
p52,2087,2087-03-08,-12978.869999999999
p52,2087,2087-03-09,-14339.370000000003
p52,2087,2087-03-10,-5753.910000000001
p52,2087,2087-03-11,-8231.99
p52,2087,2087-03-12,-8498.32
p52,2087,2087-03-13,-8132.5199999999995
p52,2087,2087-03-14,-7083.62
p52,2087,2087-03-15,-15808.16
p52,2087,2087-03-16,-16375.03
p52,2087,2087-03-17,-10484.75
p52,2087,2087-03-18,-11347.17
p52,2087,2087-03-19,-12650.380000000001
p52,2087,2087-03-20,-11346.13
p52,2087,2087-03-21,-11842.52
p52,2087,2087-03-22,-20847.05
p52,2087,2087-03-23,-21318.75
p52,2087,2087-03-24,-14039.27
p52,2087,2087-03-25,-14205.36
p52,2087,2087-03-26,-16293.310000000001
p52,2087,2087-03-27,-17555.81
p52,2087,2087-03-28,-14968.24
p52,2087,2087-03-29,-23672.83
p52,2087,2087-03-30,-22183.03
p52,2087,2087-03-31,-11860.94
p52,2087,2087-04-01,-8071.279999999999
p52,2087,2087-04-02,-10283.300000000001
p52,2087,2087-04-03,-11556.3
p52,2087,2087-04-04,-8886.91
p52,2087,2087-04-05,-16762.42
p52,2087,2087-04-06,-15833.650000000001
p52,2087,2087-04-07,-9312.01
p52,2087,2087-04-08,-8637.9
p52,2087,2087-04-09,-9407.82
p52,2087,2087-04-10,-10414.65
p52,2087,2087-04-11,-9114.36
p52,2087,2087-04-12,-16719.45
p52,2087,2087-04-13,-19049.21
p52,2087,2087-04-14,-11593.4
p52,2087,2087-04-15,-11301.46
p52,2087,2087-04-16,-11795.48
p52,2087,2087-04-17,-14697.279999999999
p52,2087,2087-04-18,-14721.059999999998
p52,2087,2087-04-19,-20766.83
p52,2087,2087-04-20,-19416.739999999998
p52,2087,2087-04-21,-16140.199999999999
p52,2087,2087-04-22,-14600.619999999999
p52,2087,2087-04-23,-14994.86
p52,2087,2087-04-24,-15217.500000000002
p52,2087,2087-04-25,-17198.91
p52,2087,2087-10-14,29257.24
p52,2087,2087-10-15,32127.67
p52,2087,2087-10-16,33431.46
p52,2087,2087-10-17,33816.76
p52,2087,2087-10-18,32760.39
p52,2087,2087-10-19,32583.84
p52,2087,2087-10-20,33762.95
p52,2087,2087-10-21,33376.13
p52,2087,2087-10-22,32474.15
p52,2087,2087-10-23,32742.020000000004
p52,2087,2087-10-24,34022.68
p52,2087,2087-10-25,33600.58
p52,2087,2087-10-26,33808.16
p52,2087,2087-10-27,33369.0
p52,2087,2087-10-28,34075.1
p52,2087,2087-10-29,34182.75
p52,2087,2087-10-30,33382.57
p52,2087,2087-10-31,35597.619999999995
p52,2087,2087-11-01,43182.75
p52,2087,2087-11-02,42758.090000000004
p52,2087,2087-11-03,42955.32
p52,2087,2087-11-04,43179.94
p52,2087,2087-11-05,42104.45
p52,2087,2087-11-06,43547.43
p52,2087,2087-11-07,43801.79
p52,2087,2087-11-08,43624.06
p52,2087,2087-11-09,44582.79
p52,2087,2087-11-10,45369.97
p52,2087,2087-11-11,22556.7
p52,2087,2087-11-12,45758.26
p52,2087,2087-11-13,46485.58
p52,2087,2087-11-14,46853.719999999994
p52,2087,2087-11-15,46377.14
p52,2087,2087-11-16,45538.9
p52,2087,2087-11-17,45721.270000000004
p52,2087,2087-11-18,48250.77
p52,2087,2087-11-19,48874.729999999996
p52,2087,2087-11-20,46572.07
p52,2087,2087-11-21,46394.619999999995
p52,2087,2087-11-22,47916.0
p52,2087,2087-11-23,48836.06
p52,2087,2087-11-24,49254.909999999996
p52,2087,2087-11-25,51264.78
p52,2087,2087-11-26,51592.86
p52,2087,2087-11-27,29829.61
p52,2087,2087-11-28,51101.91
p52,2087,2087-11-29,50696.98
p52,2087,2087-11-30,50866.92
p52,2087,2087-12-01,56452.81
p52,2087,2087-12-02,58305.49
p52,2087,2087-12-03,58744.71000000001
p52,2087,2087-12-04,59680.08
p52,2087,2087-12-05,60597.75
p52,2087,2087-12-06,60319.13
p52,2087,2087-12-07,60081.14
p52,2087,2087-12-08,58861.6
p52,2087,2087-12-09,59730.3
p52,2087,2087-12-10,59613.03
p52,2087,2087-12-11,59659.21
p52,2087,2087-12-12,61920.97
p52,2087,2087-12-13,61309.840000000004
p52,2087,2087-12-14,59204.71
p52,2087,2087-12-15,58757.92
p52,2087,2087-12-16,61170.45
p52,2087,2087-12-17,61588.83
p52,2087,2087-12-18,62501.21000000001
p52,2087,2087-12-19,64191.93
p52,2087,2087-12-20,64980.090000000004
p52,2087,2087-12-21,64380.67999999999
p52,2087,2087-12-22,62789.66
p52,2087,2087-12-23,63478.2
p52,2087,2087-12-24,63572.89
p52,2087,2087-12-25,42153.880000000005
p52,2087,2087-12-26,65260.96000000001
p52,2087,2087-12-27,66497.38
p52,2087,2087-12-28,67313.78
p52,2087,2087-12-29,66996.66
p52,2087,2087-12-30,67249.59999999999
p52,2087,2087-12-31,67192.66
p52,2088,2088-01-01,-12575.090000000002
p52,2088,2088-01-02,3178.27
p52,2088,2088-01-03,-6375.389999999999
p52,2088,2088-01-04,-5578.919999999999
p52,2088,2088-01-05,3182.6899999999996
p52,2088,2088-01-06,2933.9799999999996
p52,2088,2088-01-07,538.1399999999999
p52,2088,2088-01-08,1097.3900000000003
p52,2088,2088-01-09,3282.4100000000003
p52,2088,2088-01-10,-6022.11
p52,2088,2088-01-11,-5966.5599999999995
p52,2088,2088-01-12,3540.7500000000005
p52,2088,2088-01-13,4208.71
p52,2088,2088-01-14,3002.76
p52,2088,2088-01-15,2988.8100000000004
p52,2088,2088-01-16,2229.64
p52,2088,2088-01-17,-5991.670000000002
p52,2088,2088-01-18,-6367.9400000000005
p52,2088,2088-01-19,-13633.44
p52,2088,2088-01-20,2255.61
p52,2088,2088-01-21,2078.8900000000003
p52,2088,2088-01-22,1892.5000000000005
p52,2088,2088-01-23,3162.2799999999997
p52,2088,2088-01-24,-5991.91
p52,2088,2088-01-25,-7165.98
p52,2088,2088-01-26,1071.6599999999999
p52,2088,2088-01-27,273.1699999999996
p52,2088,2088-01-28,1310.0299999999997
p52,2088,2088-01-29,2007.0200000000002
p52,2088,2088-01-30,2171.8199999999997
p52,2088,2088-01-31,-10448.68
p52,2088,2088-02-01,-9115.74
p52,2088,2088-02-02,-23.670000000000073
p52,2088,2088-02-03,-273.4599999999996
p52,2088,2088-02-04,-293.59999999999945
p52,2088,2088-02-05,1787.2200000000003
p52,2088,2088-02-06,2659.71
p52,2088,2088-02-07,-5832.699999999999
p52,2088,2088-02-08,-6634.13
p52,2088,2088-02-09,311.84000000000015
p52,2088,2088-02-10,698.2800000000007
p52,2088,2088-02-11,853.3299999999999
p52,2088,2088-02-12,1933.1600000000003
p52,2088,2088-02-13,2481.7
p52,2088,2088-02-14,-4808.330000000001
p52,2088,2088-02-15,-6073.469999999999
p52,2088,2088-02-16,-14827.650000000001
p52,2088,2088-02-17,2140.49
p52,2088,2088-02-18,2321.3900000000003
p52,2088,2088-02-19,-50.76000000000022
p52,2088,2088-02-20,-1362.42
p52,2088,2088-02-21,-8126.750000000001
p52,2088,2088-02-22,-6920.7300000000005
p52,2088,2088-02-23,-735.7600000000002
p52,2088,2088-02-24,-2896.12
p52,2088,2088-02-25,-1866.5000000000005
p52,2088,2088-02-26,-1494.0300000000007
p52,2088,2088-02-27,-802.1199999999994
p52,2088,2088-02-28,-11390.91
p52,2088,2088-02-29,-8273.51
p52,2088,2088-03-01,314.1800000000003
p52,2088,2088-03-02,-603.6200000000008
p52,2088,2088-03-03,-1467.2300000000005
p52,2088,2088-03-04,-3355.73
p52,2088,2088-03-05,-3248.879999999999
p52,2088,2088-03-06,-12456.31
p52,2088,2088-03-07,-14518.530000000002
p52,2088,2088-03-08,-8130.52
p52,2088,2088-03-09,-7716.91
p52,2088,2088-03-10,-6538.719999999999
p52,2088,2088-03-11,-9762.18
p52,2088,2088-03-12,-10048.810000000001
p52,2088,2088-03-13,-18475.53
p52,2088,2088-03-14,-18971.79
p52,2088,2088-03-15,-12021.84
p52,2088,2088-03-16,-11269.849999999999
p52,2088,2088-03-17,-12097.88
p52,2088,2088-03-18,-13700.900000000001
p52,2088,2088-03-19,-16223.48
p52,2088,2088-03-20,-23448.67
p52,2088,2088-03-21,-22935.07
p52,2088,2088-03-22,-15108.280000000002
p52,2088,2088-03-23,-15683.05
p52,2088,2088-03-24,-14714.439999999999
p52,2088,2088-03-25,-13357.509999999998
p52,2088,2088-03-26,-15512.23
p52,2088,2088-03-27,-26318.44
p52,2088,2088-03-28,-25313.97
p52,2088,2088-03-29,-18309.89
p52,2088,2088-03-30,-16919.809999999998
p52,2088,2088-03-31,-14558.48
p52,2088,2088-04-01,-10154.57
p52,2088,2088-04-02,-10961.39
p52,2088,2088-04-03,-18868.0
p52,2088,2088-04-04,-17595.29
p52,2088,2088-04-05,-11743.78
p52,2088,2088-04-06,-10082.130000000001
p52,2088,2088-04-07,-11376.150000000001
p52,2088,2088-04-08,-12136.009999999998
p52,2088,2088-04-09,-12114.31
p52,2088,2088-04-10,-18994.41
p52,2088,2088-04-11,-18670.15
p52,2088,2088-04-12,-13790.9
p52,2088,2088-04-13,-15810.730000000001
p52,2088,2088-04-14,-13455.97
p52,2088,2088-04-15,-13643.37
p52,2088,2088-04-16,-14135.239999999998
p52,2088,2088-04-17,-22333.42
p52,2088,2088-04-18,-21466.07
p52,2088,2088-04-19,-14130.090000000002
p52,2088,2088-04-20,-13272.49
p52,2088,2088-04-21,-17721.52
p52,2088,2088-04-22,-17085.82
p52,2088,2088-04-23,-17788.96
p52,2088,2088-04-24,-24994.53
p52,2088,2088-04-25,-26432.920000000002
p52,2088,2088-10-10,26229.600000000002
p52,2088,2088-10-11,7594.86
p52,2088,2088-10-12,28626.13
p52,2088,2088-10-13,28627.13
p52,2088,2088-10-14,28073.340000000004
p52,2088,2088-10-15,31474.0
p52,2088,2088-10-16,30958.15
p52,2088,2088-10-17,29680.030000000002
p52,2088,2088-10-18,31005.25
p52,2088,2088-10-19,32573.25
p52,2088,2088-10-20,32677.739999999998
p52,2088,2088-10-21,30202.75
p52,2088,2088-10-22,29670.149999999998
p52,2088,2088-10-23,30555.63
p52,2088,2088-10-24,31224.62
p52,2088,2088-10-25,31996.480000000003
p52,2088,2088-10-26,34082.08
p52,2088,2088-10-27,34851.85
p52,2088,2088-10-28,34826.68
p52,2088,2088-10-29,34015.16
p52,2088,2088-10-30,31843.949999999997
p52,2088,2088-10-31,32555.559999999998
p52,2088,2088-11-01,40931.520000000004
p52,2088,2088-11-02,40754.44
p52,2088,2088-11-03,41738.49
p52,2088,2088-11-04,42549.51
p52,2088,2088-11-05,42374.06
p52,2088,2088-11-06,42790.17
p52,2088,2088-11-07,42180.9
p52,2088,2088-11-08,43003.33
p52,2088,2088-11-09,44185.17
p52,2088,2088-11-10,43217.14
p52,2088,2088-11-11,20036.82
p52,2088,2088-11-12,45321.69
p52,2088,2088-11-13,45108.74
p52,2088,2088-11-14,42843.85
p52,2088,2088-11-15,43250.520000000004
p52,2088,2088-11-16,45019.14
p52,2088,2088-11-17,45176.15
p52,2088,2088-11-18,46353.82
p52,2088,2088-11-19,49092.87
p52,2088,2088-11-20,48517.200000000004
p52,2088,2088-11-21,47224.899999999994
p52,2088,2088-11-22,47007.259999999995
p52,2088,2088-11-23,48041.43
p52,2088,2088-11-24,48103.630000000005
p52,2088,2088-11-25,26639.36
p52,2088,2088-11-26,49527.89
p52,2088,2088-11-27,50325.26
p52,2088,2088-11-28,50271.060000000005
p52,2088,2088-11-29,50060.16
p52,2088,2088-11-30,50803.65
p52,2088,2088-12-01,56477.270000000004
p52,2088,2088-12-02,57571.05
p52,2088,2088-12-03,57762.51
p52,2088,2088-12-04,57567.329999999994
p52,2088,2088-12-05,57784.72
p52,2088,2088-12-06,57974.13
p52,2088,2088-12-07,58257.35
p52,2088,2088-12-08,55822.4
p52,2088,2088-12-09,56408.969999999994
p52,2088,2088-12-10,59231.21
p52,2088,2088-12-11,59439.0
p52,2088,2088-12-12,59668.88
p52,2088,2088-12-13,59554.28999999999
p52,2088,2088-12-14,60982.96
p52,2088,2088-12-15,61003.96
p52,2088,2088-12-16,60849.75
p52,2088,2088-12-17,61151.380000000005
p52,2088,2088-12-18,61320.96000000001
p52,2088,2088-12-19,61004.06
p52,2088,2088-12-20,60895.42
p52,2088,2088-12-21,62825.15
p52,2088,2088-12-22,63418.09
p52,2088,2088-12-23,64051.659999999996
p52,2088,2088-12-24,42276.61
p52,2088,2088-12-25,50905.520000000004
p52,2088,2088-12-26,64248.32
p52,2088,2088-12-27,63705.71
p52,2088,2088-12-28,63938.880000000005
p52,2088,2088-12-29,64719.15
p52,2088,2088-12-30,66653.13
p52,2088,2088-12-31,44458.89
p52,2089,2089-01-01,-23730.09
p52,2089,2089-01-02,-9237.119999999999
p52,2089,2089-01-03,-643.9900000000007
p52,2089,2089-01-04,807.4199999999996
p52,2089,2089-01-05,927.0299999999997
p52,2089,2089-01-06,2491.78
p52,2089,2089-01-07,3107.31
p52,2089,2089-01-08,-5777.380000000001
p52,2089,2089-01-09,-6391.630000000001
p52,2089,2089-01-10,-383.3000000000002
p52,2089,2089-01-11,-443.28000000000065
p52,2089,2089-01-12,343.57000000000016
p52,2089,2089-01-13,988.5799999999999
p52,2089,2089-01-14,1855.1100000000001
p52,2089,2089-01-15,-5760.779999999999
p52,2089,2089-01-16,-6875.0199999999995
p52,2089,2089-01-17,-14648.989999999998
p52,2089,2089-01-18,332.3499999999999
p52,2089,2089-01-19,-41.94999999999982
p52,2089,2089-01-20,-644.2400000000007
p52,2089,2089-01-21,-1428.7400000000002
p52,2089,2089-01-22,-9540.92
p52,2089,2089-01-23,-7385.5599999999995
p52,2089,2089-01-24,-281.8699999999999
p52,2089,2089-01-25,-3107.9999999999995
p52,2089,2089-01-26,-2390.3199999999993
p52,2089,2089-01-27,-1608.1399999999994
p52,2089,2089-01-28,-170.02999999999975
p52,2089,2089-01-29,-9092.86
p52,2089,2089-01-30,-7633.139999999999
p52,2089,2089-01-31,-1436.9600000000005
p52,2089,2089-02-01,-592.6699999999996
p52,2089,2089-02-02,-531.5700000000002
p52,2089,2089-02-03,-1873.92
p52,2089,2089-02-04,-2134.5200000000004
p52,2089,2089-02-05,-9196.650000000001
p52,2089,2089-02-06,-8730.96
p52,2089,2089-02-07,-420.02999999999975
p52,2089,2089-02-08,616.6499999999996
p52,2089,2089-02-09,454.1700000000001
p52,2089,2089-02-10,48.07999999999993
p52,2089,2089-02-11,178.1500000000001
p52,2089,2089-02-12,-7577.210000000001
p52,2089,2089-02-13,-8645.85
p52,2089,2089-02-14,-1522.3899999999999
p52,2089,2089-02-15,-1545.7200000000003
p52,2089,2089-02-16,-198.26000000000022
p52,2089,2089-02-17,295.2100000000005
p52,2089,2089-02-18,-1141.8899999999999
p52,2089,2089-02-19,-11479.49
p52,2089,2089-02-20,-11478.689999999999
p52,2089,2089-02-21,-18667.51
p52,2089,2089-02-22,-1695.8099999999995
p52,2089,2089-02-23,-1107.27
p52,2089,2089-02-24,-1539.0800000000008
p52,2089,2089-02-25,-773.3900000000003
p52,2089,2089-02-26,-10840.619999999999
p52,2089,2089-02-27,-11784.710000000001
p52,2089,2089-02-28,-6963.04
p52,2089,2089-03-01,-2697.2000000000003
p52,2089,2089-03-02,-2736.09
p52,2089,2089-03-03,-2189.64
p52,2089,2089-03-04,-2759.3700000000003
p52,2089,2089-03-05,-11611.26
p52,2089,2089-03-06,-13367.019999999999
p52,2089,2089-03-07,-8829.29
p52,2089,2089-03-08,-9837.89
p52,2089,2089-03-09,-10663.51
p52,2089,2089-03-10,-9849.74
p52,2089,2089-03-11,-11491.52
p52,2089,2089-03-12,-19203.45
p52,2089,2089-03-13,-20480.829999999998
p52,2089,2089-03-14,-14549.130000000001
p52,2089,2089-03-15,-14243.25
p52,2089,2089-03-16,-13449.84
p52,2089,2089-03-17,-14902.92
p52,2089,2089-03-18,-14949.060000000001
p52,2089,2089-03-19,-23564.879999999997
p52,2089,2089-03-20,-22227.730000000003
p52,2089,2089-03-21,-15228.119999999999
p52,2089,2089-03-22,-15734.099999999999
p52,2089,2089-03-23,-17645.97
p52,2089,2089-03-24,-17974.409999999996
p52,2089,2089-03-25,-16345.24
p52,2089,2089-03-26,-26250.6
p52,2089,2089-03-27,-27936.739999999998
p52,2089,2089-03-28,-18071.239999999998
p52,2089,2089-03-29,-18374.89
p52,2089,2089-03-30,-18360.809999999998
p52,2089,2089-03-31,-16672.98
p52,2089,2089-04-01,-11746.92
p52,2089,2089-04-02,-20413.050000000003
p52,2089,2089-04-03,-22158.59
p52,2089,2089-04-04,-13120.529999999999
p52,2089,2089-04-05,-12557.02
p52,2089,2089-04-06,-12252.04
p52,2089,2089-04-07,-14607.83
p52,2089,2089-04-08,-14328.73
p52,2089,2089-04-09,-21205.83
p52,2089,2089-04-10,-21718.07
p52,2089,2089-04-11,-13665.759999999998
p52,2089,2089-04-12,-12801.89
p52,2089,2089-04-13,-15021.630000000001
p52,2089,2089-04-14,-13810.589999999998
p52,2089,2089-04-15,-14249.65
p52,2089,2089-04-16,-22895.309999999998
p52,2089,2089-04-17,-25250.28
p52,2089,2089-04-18,-18009.64
p52,2089,2089-04-19,-16025.090000000002
p52,2089,2089-04-20,-14861.600000000002
p52,2089,2089-04-21,-18471.66
p52,2089,2089-04-22,-17310.690000000002
p52,2089,2089-04-23,-25760.11
p52,2089,2089-04-24,-26743.96
p52,2089,2089-04-25,-22160.18
p52,2089,2089-04-26,-21485.37
p52,2089,2089-04-27,-21739.879999999997
p52,2089,2089-04-28,-18761.300000000003
p52,2089,2089-04-29,-23019.15
p52,2089,2089-04-30,-29278.57
p52,2089,2089-10-09,24909.02
p52,2089,2089-10-10,3289.5699999999997
p52,2089,2089-10-11,27215.23
p52,2089,2089-10-12,25396.73
p52,2089,2089-10-13,25908.199999999997
p52,2089,2089-10-14,26986.82
p52,2089,2089-10-15,28253.2
p52,2089,2089-10-16,27508.530000000002
p52,2089,2089-10-17,27907.51
p52,2089,2089-10-18,29417.8
p52,2089,2089-10-19,29907.18
p52,2089,2089-10-20,30557.08
p52,2089,2089-10-21,30967.92
p52,2089,2089-10-22,29777.399999999998
p52,2089,2089-10-23,30008.59
p52,2089,2089-10-24,30910.08
p52,2089,2089-10-25,30710.969999999998
p52,2089,2089-10-26,31149.409999999996
p52,2089,2089-10-27,31540.239999999998
p52,2089,2089-10-28,32777.5
p52,2089,2089-10-29,31121.579999999998
p52,2089,2089-10-30,30818.940000000002
p52,2089,2089-10-31,32812.02
p52,2089,2089-11-01,40442.52
p52,2089,2089-11-02,39377.549999999996
p52,2089,2089-11-03,40237.39
p52,2089,2089-11-04,40913.409999999996
p52,2089,2089-11-05,38892.600000000006
p52,2089,2089-11-06,40038.57
p52,2089,2089-11-07,41234.94
p52,2089,2089-11-08,41687.14
p52,2089,2089-11-09,40949.33
p52,2089,2089-11-10,40668.64
p52,2089,2089-11-11,18732.24
p52,2089,2089-11-12,41982.04
p52,2089,2089-11-13,42883.83
p52,2089,2089-11-14,43977.51
p52,2089,2089-11-15,45166.85
p52,2089,2089-11-16,44850.450000000004
p52,2089,2089-11-17,44232.87
p52,2089,2089-11-18,45197.96000000001
p52,2089,2089-11-19,45170.590000000004
p52,2089,2089-11-20,44769.950000000004
p52,2089,2089-11-21,44668.29
p52,2089,2089-11-22,46389.61
p52,2089,2089-11-23,47815.04
p52,2089,2089-11-24,26071.66
p52,2089,2089-11-25,48409.89
p52,2089,2089-11-26,47794.4
p52,2089,2089-11-27,48488.3
p52,2089,2089-11-28,47563.26
p52,2089,2089-11-29,47389.420000000006
p52,2089,2089-11-30,48355.84
p52,2089,2089-12-01,55810.43
p52,2089,2089-12-02,56426.100000000006
p52,2089,2089-12-03,54781.5
p52,2089,2089-12-04,54682.22
p52,2089,2089-12-05,55032.53
p52,2089,2089-12-06,55757.17
p52,2089,2089-12-07,56519.54
p52,2089,2089-12-08,57671.310000000005
p52,2089,2089-12-09,59193.600000000006
p52,2089,2089-12-10,59489.6
p52,2089,2089-12-11,58219.7
p52,2089,2089-12-12,56676.71
p52,2089,2089-12-13,56560.340000000004
p52,2089,2089-12-14,57278.479999999996
p52,2089,2089-12-15,58896.62
p52,2089,2089-12-16,60635.229999999996
p52,2089,2089-12-17,61412.649999999994
p52,2089,2089-12-18,61392.22
p52,2089,2089-12-19,59402.6
p52,2089,2089-12-20,60075.979999999996
p52,2089,2089-12-21,61074.020000000004
p52,2089,2089-12-22,61001.31
p52,2089,2089-12-23,61159.46
p52,2089,2089-12-24,61856.02
p52,2089,2089-12-25,49913.259999999995
p52,2089,2089-12-26,39152.770000000004
p52,2089,2089-12-27,60574.369999999995
p52,2089,2089-12-28,61265.630000000005
p52,2089,2089-12-29,63217.64
p52,2089,2089-12-30,64347.939999999995
p52,2089,2089-12-31,64793.85
p52,2090,2090-01-01,-23118.78
p52,2090,2090-01-02,-15412.039999999997
p52,2090,2090-01-03,-402.2399999999998
p52,2090,2090-01-04,-363.4499999999998
p52,2090,2090-01-05,-1082.8199999999997
p52,2090,2090-01-06,-826.8599999999997
p52,2090,2090-01-07,-9113.61
p52,2090,2090-01-08,-8324.7
p52,2090,2090-01-09,125.24000000000069
p52,2090,2090-01-10,44.51000000000022
p52,2090,2090-01-11,-379.60000000000036
p52,2090,2090-01-12,-552.3100000000004
p52,2090,2090-01-13,-557.7000000000007
p52,2090,2090-01-14,-8839.890000000001
p52,2090,2090-01-15,-8927.55
p52,2090,2090-01-16,-18684.04
p52,2090,2090-01-17,-1268.8899999999999
p52,2090,2090-01-18,-673.3399999999997
p52,2090,2090-01-19,-2080.8
p52,2090,2090-01-20,-3856.0
p52,2090,2090-01-21,-12597.569999999998
p52,2090,2090-01-22,-11749.670000000002
p52,2090,2090-01-23,-2693.1099999999997
p52,2090,2090-01-24,-1580.25
p52,2090,2090-01-25,-1754.79
p52,2090,2090-01-26,-564.0
p52,2090,2090-01-27,-1241.5899999999997
p52,2090,2090-01-28,-9882.939999999999
p52,2090,2090-01-29,-11185.74
p52,2090,2090-01-30,-3444.8000000000006
p52,2090,2090-01-31,-4792.6900000000005
p52,2090,2090-02-01,-2919.56
p52,2090,2090-02-02,-1326.92
p52,2090,2090-02-03,-1299.6399999999999
p52,2090,2090-02-04,-9687.66
p52,2090,2090-02-05,-10212.39
p52,2090,2090-02-06,-3727.45
p52,2090,2090-02-07,-2329.3600000000006
p52,2090,2090-02-08,-2613.06
p52,2090,2090-02-09,-3182.4599999999996
p52,2090,2090-02-10,-1778.4399999999996
p52,2090,2090-02-11,-8820.04
p52,2090,2090-02-12,-9693.529999999999
p52,2090,2090-02-13,-5252.51
p52,2090,2090-02-14,-3792.5200000000004
p52,2090,2090-02-15,-3762.4199999999996
p52,2090,2090-02-16,-3202.5499999999997
p52,2090,2090-02-17,-814.1000000000004
p52,2090,2090-02-18,-8039.17
p52,2090,2090-02-19,-9755.3
p52,2090,2090-02-20,-20211.510000000002
p52,2090,2090-02-21,-3474.5
p52,2090,2090-02-22,-3758.92
p52,2090,2090-02-23,-4657.33
p52,2090,2090-02-24,-4632.839999999998
p52,2090,2090-02-25,-11451.25
p52,2090,2090-02-26,-11941.7
p52,2090,2090-02-27,-4006.45
p52,2090,2090-02-28,-6371.419999999999
p52,2090,2090-03-01,-3593.92
p52,2090,2090-03-02,-4505.8499999999985
p52,2090,2090-03-03,-3819.0
p52,2090,2090-03-04,-13859.95
p52,2090,2090-03-05,-15115.99
p52,2090,2090-03-06,-7914.630000000001
p52,2090,2090-03-07,-9105.8
p52,2090,2090-03-08,-11863.43
p52,2090,2090-03-09,-13990.849999999999
p52,2090,2090-03-10,-11943.03
p52,2090,2090-03-11,-21554.98
p52,2090,2090-03-12,-22140.600000000002
p52,2090,2090-03-13,-14656.63
p52,2090,2090-03-14,-13010.369999999999
p52,2090,2090-03-15,-12970.67
p52,2090,2090-03-16,-13623.44
p52,2090,2090-03-17,-15373.57
p52,2090,2090-03-18,-25140.82
p52,2090,2090-03-19,-26940.32
p52,2090,2090-03-20,-17768.57
p52,2090,2090-03-21,-17105.36
p52,2090,2090-03-22,-17108.0
p52,2090,2090-03-23,-18076.1
p52,2090,2090-03-24,-17808.72
p52,2090,2090-03-25,-25918.59
p52,2090,2090-03-26,-28198.079999999998
p52,2090,2090-03-27,-22747.479999999996
p52,2090,2090-03-28,-20621.589999999997
p52,2090,2090-03-29,-21896.399999999998
p52,2090,2090-03-30,-20669.67
p52,2090,2090-03-31,-17430.49
p52,2090,2090-04-01,-20786.72
p52,2090,2090-04-02,-23906.519999999997
p52,2090,2090-04-03,-18527.5
p52,2090,2090-04-04,-14737.09
p52,2090,2090-04-05,-15400.73
p52,2090,2090-04-06,-13966.529999999999
p52,2090,2090-04-07,-13540.529999999999
p52,2090,2090-04-08,-20540.690000000002
p52,2090,2090-04-09,-21691.780000000002
p52,2090,2090-04-10,-16165.900000000001
p52,2090,2090-04-11,-14995.77
p52,2090,2090-04-12,-15853.32
p52,2090,2090-04-13,-18089.7
p52,2090,2090-04-14,-15685.689999999999
p52,2090,2090-04-15,-22955.11
p52,2090,2090-04-16,-23762.61
p52,2090,2090-04-17,-19607.73
p52,2090,2090-04-18,-18848.96
p52,2090,2090-04-19,-17940.530000000002
p52,2090,2090-04-20,-16723.980000000003
p52,2090,2090-04-21,-20580.67
p52,2090,2090-04-22,-27217.989999999998
p52,2090,2090-04-23,-28282.46
p52,2090,2090-04-24,-21767.579999999998
p52,2090,2090-04-25,-23839.440000000002
p52,2090,2090-04-26,-24705.839999999997
p52,2090,2090-04-27,-24273.93
p52,2090,2090-04-28,-20461.940000000002
p52,2090,2090-04-29,-31756.74
p52,2090,2090-05-01,-18522.77
p52,2090,2090-05-02,-16503.649999999998
p52,2090,2090-10-08,22166.86
p52,2090,2090-10-09,2150.1899999999996
p52,2090,2090-10-10,23034.82
p52,2090,2090-10-11,23714.690000000002
p52,2090,2090-10-12,22512.66
p52,2090,2090-10-13,24275.5
p52,2090,2090-10-14,23764.350000000002
p52,2090,2090-10-15,25877.02
p52,2090,2090-10-16,28719.789999999997
p52,2090,2090-10-17,29088.37
p52,2090,2090-10-18,28914.870000000003
p52,2090,2090-10-19,28751.18
p52,2090,2090-10-20,29308.29
p52,2090,2090-10-21,26976.97
p52,2090,2090-10-22,26363.649999999998
p52,2090,2090-10-23,28105.859999999997
p52,2090,2090-10-24,29666.65
p52,2090,2090-10-25,29865.25
p52,2090,2090-10-26,30575.010000000002
p52,2090,2090-10-27,30918.86
p52,2090,2090-10-28,29835.149999999998
p52,2090,2090-10-29,29414.73
p52,2090,2090-10-30,28879.090000000004
p52,2090,2090-10-31,30009.370000000003
p52,2090,2090-11-01,38029.53
p52,2090,2090-11-02,38210.119999999995
p52,2090,2090-11-03,38940.119999999995
p52,2090,2090-11-04,37031.81
p52,2090,2090-11-05,36106.61
p52,2090,2090-11-06,38845.23
p52,2090,2090-11-07,39163.649999999994
p52,2090,2090-11-08,39774.36
p52,2090,2090-11-09,41719.340000000004
p52,2090,2090-11-10,19916.2
p52,2090,2090-11-11,30951.66
p52,2090,2090-11-12,40713.39
p52,2090,2090-11-13,41644.32
p52,2090,2090-11-14,41504.590000000004
p52,2090,2090-11-15,41924.91
p52,2090,2090-11-16,42586.35999999999
p52,2090,2090-11-17,43533.39
p52,2090,2090-11-18,44165.17
p52,2090,2090-11-19,44846.92
p52,2090,2090-11-20,44045.83
p52,2090,2090-11-21,43816.29
p52,2090,2090-11-22,44820.34
p52,2090,2090-11-23,23226.690000000002
p52,2090,2090-11-24,45523.72
p52,2090,2090-11-25,45450.04
p52,2090,2090-11-26,46605.12
p52,2090,2090-11-27,46412.1
p52,2090,2090-11-28,44689.840000000004
p52,2090,2090-11-29,44831.880000000005
p52,2090,2090-11-30,46808.31
p52,2090,2090-12-01,53631.58
p52,2090,2090-12-02,55120.25
p52,2090,2090-12-03,56010.47
p52,2090,2090-12-04,55457.03
p52,2090,2090-12-05,55622.86
p52,2090,2090-12-06,54860.07
p52,2090,2090-12-07,54798.91
p52,2090,2090-12-08,54757.88
p52,2090,2090-12-09,55974.5
p52,2090,2090-12-10,56958.69
p52,2090,2090-12-11,56215.869999999995
p52,2090,2090-12-12,57451.06
p52,2090,2090-12-13,56972.72
p52,2090,2090-12-14,56878.21
p52,2090,2090-12-15,58093.5
p52,2090,2090-12-16,59096.99
p52,2090,2090-12-17,58773.229999999996
p52,2090,2090-12-18,56993.75
p52,2090,2090-12-19,57538.25
p52,2090,2090-12-20,59365.68
p52,2090,2090-12-21,59402.16
p52,2090,2090-12-22,57884.39
p52,2090,2090-12-23,58560.24
p52,2090,2090-12-24,60006.06
p52,2090,2090-12-25,37491.2
p52,2090,2090-12-26,60332.07
p52,2090,2090-12-27,62525.93
p52,2090,2090-12-28,63718.35
p52,2090,2090-12-29,63915.31
p52,2090,2090-12-30,63246.2
p52,2090,2090-12-31,62604.78
p52,2091,2091-01-01,-20304.289999999997
p52,2091,2091-01-02,-3415.09
p52,2091,2091-01-03,-2863.5
p52,2091,2091-01-04,-1313.4900000000007
p52,2091,2091-01-05,-556.3200000000006
p52,2091,2091-01-06,-8829.39
p52,2091,2091-01-07,-10182.52
p52,2091,2091-01-08,-3069.63
p52,2091,2091-01-09,-1865.5599999999995
p52,2091,2091-01-10,-3227.8099999999995
p52,2091,2091-01-11,-4092.6099999999988
p52,2091,2091-01-12,-2447.76
p52,2091,2091-01-13,-9646.22
p52,2091,2091-01-14,-10965.06
p52,2091,2091-01-15,-21116.440000000002
p52,2091,2091-01-16,-5572.389999999999
p52,2091,2091-01-17,-3506.76
p52,2091,2091-01-18,-3730.42
p52,2091,2091-01-19,-3287.79
p52,2091,2091-01-20,-10552.080000000002
p52,2091,2091-01-21,-10853.43
p52,2091,2091-01-22,-4585.07
p52,2091,2091-01-23,-3216.34
p52,2091,2091-01-24,-3688.0
p52,2091,2091-01-25,-5455.199999999999
p52,2091,2091-01-26,-3821.4699999999993
p52,2091,2091-01-27,-12032.43
p52,2091,2091-01-28,-11081.95
p52,2091,2091-01-29,-3596.9400000000005
p52,2091,2091-01-30,-2842.42
p52,2091,2091-01-31,-5908.959999999999
p52,2091,2091-02-01,-4867.300000000001
p52,2091,2091-02-02,-3171.0099999999993
p52,2091,2091-02-03,-12029.289999999999
p52,2091,2091-02-04,-13555.869999999999
p52,2091,2091-02-05,-5757.170000000001
p52,2091,2091-02-06,-4038.8199999999993
p52,2091,2091-02-07,-4513.84
p52,2091,2091-02-08,-6238.699999999999
p52,2091,2091-02-09,-5386.06
p52,2091,2091-02-10,-11913.49
p52,2091,2091-02-11,-12039.66
p52,2091,2091-02-12,-4356.58
p52,2091,2091-02-13,-3143.6500000000005
p52,2091,2091-02-14,-2104.31
p52,2091,2091-02-15,-3828.9199999999996
p52,2091,2091-02-16,-3627.5199999999995
p52,2091,2091-02-17,-11143.21
p52,2091,2091-02-18,-11887.35
p52,2091,2091-02-19,-22242.629999999997
p52,2091,2091-02-20,-6291.080000000002
p52,2091,2091-02-21,-4473.280000000001
p52,2091,2091-02-22,-3621.0
p52,2091,2091-02-23,-3888.4600000000005
p52,2091,2091-02-24,-13587.399999999998
p52,2091,2091-02-25,-13464.529999999999
p52,2091,2091-02-26,-6660.960000000001
p52,2091,2091-02-27,-6513.949999999999
p52,2091,2091-02-28,-10037.3
p52,2091,2091-03-01,-5658.830000000001
p52,2091,2091-03-02,-4638.5599999999995
p52,2091,2091-03-03,-13894.979999999998
p52,2091,2091-03-04,-17460.41
p52,2091,2091-03-05,-10091.939999999999
p52,2091,2091-03-06,-9355.31
p52,2091,2091-03-07,-12073.01
p52,2091,2091-03-08,-13312.51
p52,2091,2091-03-09,-12012.28
p52,2091,2091-03-10,-18486.06
p52,2091,2091-03-11,-21767.68
p52,2091,2091-03-12,-15669.319999999998
p52,2091,2091-03-13,-16011.36
p52,2091,2091-03-14,-16423.879999999997
p52,2091,2091-03-15,-16305.779999999999
p52,2091,2091-03-16,-15324.369999999999
p52,2091,2091-03-17,-24873.41
p52,2091,2091-03-18,-25614.2
p52,2091,2091-03-19,-19676.47
p52,2091,2091-03-20,-18511.960000000003
p52,2091,2091-03-21,-19270.54
p52,2091,2091-03-22,-19378.42
p52,2091,2091-03-23,-20548.46
p52,2091,2091-03-24,-29328.32
p52,2091,2091-03-25,-28517.649999999998
p52,2091,2091-03-26,-22017.38
p52,2091,2091-03-27,-24516.84
p52,2091,2091-03-28,-24106.809999999998
p52,2091,2091-03-29,-24569.36
p52,2091,2091-03-30,-22466.34
p52,2091,2091-03-31,-28661.579999999998
p52,2091,2091-04-01,-22863.84
p52,2091,2091-04-02,-16952.6
p52,2091,2091-04-03,-17124.92
p52,2091,2091-04-04,-15238.29
p52,2091,2091-04-05,-16382.130000000001
p52,2091,2091-04-06,-15340.119999999999
p52,2091,2091-04-07,-23657.5
p52,2091,2091-04-08,-23853.1
p52,2091,2091-04-09,-17497.62
p52,2091,2091-04-10,-17188.809999999998
p52,2091,2091-04-11,-15747.480000000001
p52,2091,2091-04-12,-16276.910000000002
p52,2091,2091-04-13,-18898.97
p52,2091,2091-04-14,-24493.77
p52,2091,2091-04-15,-24804.57
p52,2091,2091-04-16,-19659.24
p52,2091,2091-04-17,-22304.66
p52,2091,2091-04-18,-21234.72
p52,2091,2091-04-19,-19125.91
p52,2091,2091-04-20,-18375.03
p52,2091,2091-04-21,-30219.960000000003
p52,2091,2091-04-22,-29928.809999999998
p52,2091,2091-04-23,-23923.920000000002
p52,2091,2091-04-24,-23996.98
p52,2091,2091-04-25,-25707.17
p52,2091,2091-04-26,-24307.79
p52,2091,2091-04-27,-23208.7
p52,2091,2091-04-28,-28055.5
p52,2091,2091-04-29,-32922.78
p52,2091,2091-04-30,-27022.25
p52,2091,2091-05-03,-19130.19
p52,2091,2091-05-04,-17358.190000000002
p52,2091,2091-05-05,-23984.030000000002
p52,2091,2091-10-04,18360.28
p52,2091,2091-10-05,19085.309999999998
p52,2091,2091-10-07,18984.68
p52,2091,2091-10-08,-1010.9899999999998
p52,2091,2091-10-09,21164.010000000002
p52,2091,2091-10-10,20739.12
p52,2091,2091-10-11,23820.510000000002
p52,2091,2091-10-12,23659.260000000002
p52,2091,2091-10-13,23078.86
p52,2091,2091-10-14,22380.42
p52,2091,2091-10-15,24986.57
p52,2091,2091-10-16,26196.45
p52,2091,2091-10-17,25759.36
p52,2091,2091-10-18,26267.489999999998
p52,2091,2091-10-19,27450.010000000002
p52,2091,2091-10-20,26857.82
p52,2091,2091-10-21,26087.55
p52,2091,2091-10-22,25593.6
p52,2091,2091-10-23,26830.010000000002
p52,2091,2091-10-24,27838.45
p52,2091,2091-10-25,27438.91
p52,2091,2091-10-26,27828.97
p52,2091,2091-10-27,26901.550000000003
p52,2091,2091-10-28,28217.9
p52,2091,2091-10-29,28026.92
p52,2091,2091-10-30,25867.06
p52,2091,2091-10-31,27208.51
p52,2091,2091-11-01,36325.689999999995
p52,2091,2091-11-02,36154.1
p52,2091,2091-11-03,36335.99
p52,2091,2091-11-04,37442.42999999999
p52,2091,2091-11-05,37499.61
p52,2091,2091-11-06,39055.240000000005
p52,2091,2091-11-07,38175.329999999994
p52,2091,2091-11-08,38155.54
p52,2091,2091-11-09,39309.19
p52,2091,2091-11-10,38383.76
p52,2091,2091-11-11,28414.77
p52,2091,2091-11-12,17108.66
p52,2091,2091-11-13,41656.270000000004
p52,2091,2091-11-14,41316.2
p52,2091,2091-11-15,41143.399999999994
p52,2091,2091-11-16,41700.97
p52,2091,2091-11-17,41257.82
p52,2091,2091-11-18,41636.91
p52,2091,2091-11-19,42021.990000000005
p52,2091,2091-11-20,42137.97
p52,2091,2091-11-21,42865.01
p52,2091,2091-11-22,20546.0
p52,2091,2091-11-23,42733.38
p52,2091,2091-11-24,42289.74
p52,2091,2091-11-25,43561.770000000004
p52,2091,2091-11-26,43647.35
p52,2091,2091-11-27,45157.99
p52,2091,2091-11-28,46098.78
p52,2091,2091-11-29,46805.869999999995
p52,2091,2091-11-30,47336.01
p52,2091,2091-12-01,53273.909999999996
p52,2091,2091-12-02,53091.6
p52,2091,2091-12-03,51326.4
p52,2091,2091-12-04,52485.92
p52,2091,2091-12-05,53484.28
p52,2091,2091-12-06,54114.29
p52,2091,2091-12-07,55563.92
p52,2091,2091-12-08,55604.59
p52,2091,2091-12-09,55200.28
p52,2091,2091-12-10,54518.21000000001
p52,2091,2091-12-11,55117.24
p52,2091,2091-12-12,54996.51
p52,2091,2091-12-13,53637.64
p52,2091,2091-12-14,55018.08
p52,2091,2091-12-15,57594.87
p52,2091,2091-12-16,57133.990000000005
p52,2091,2091-12-17,54035.38
p52,2091,2091-12-18,54970.44
p52,2091,2091-12-19,55892.54
p52,2091,2091-12-20,56550.38
p52,2091,2091-12-21,58265.81
p52,2091,2091-12-22,59905.590000000004
p52,2091,2091-12-23,60517.55
p52,2091,2091-12-24,59088.95
p52,2091,2091-12-25,37057.67
p52,2091,2091-12-26,58401.69
p52,2091,2091-12-27,58946.149999999994
p52,2091,2091-12-28,60593.14
p52,2091,2091-12-29,61507.590000000004
p52,2091,2091-12-30,62113.22
p52,2091,2091-12-31,62159.28
p52,2092,2092-01-01,-19803.54
p52,2092,2092-01-02,-4539.72
p52,2092,2092-01-03,-4956.790000000001
p52,2092,2092-01-04,-3263.5
p52,2092,2092-01-05,-11790.34
p52,2092,2092-01-06,-12786.2
p52,2092,2092-01-07,-5582.489999999999
p52,2092,2092-01-08,-3465.05
p52,2092,2092-01-09,-4077.8600000000006
p52,2092,2092-01-10,-6949.62
p52,2092,2092-01-11,-6376.43
p52,2092,2092-01-12,-12663.720000000001
p52,2092,2092-01-13,-12874.189999999999
p52,2092,2092-01-14,-5750.280000000001
p52,2092,2092-01-15,-3323.3100000000004
p52,2092,2092-01-16,-3848.6600000000008
p52,2092,2092-01-17,-3581.26
p52,2092,2092-01-18,-4153.68
p52,2092,2092-01-19,-13396.230000000001
p52,2092,2092-01-20,-14453.0
p52,2092,2092-01-21,-23331.87
p52,2092,2092-01-22,-6394.499999999999
p52,2092,2092-01-23,-4313.130000000001
p52,2092,2092-01-24,-3651.3599999999997
p52,2092,2092-01-25,-4730.49
p52,2092,2092-01-26,-13095.39
p52,2092,2092-01-27,-14199.21
p52,2092,2092-01-28,-5903.87
p52,2092,2092-01-29,-6268.73
p52,2092,2092-01-30,-6718.499999999999
p52,2092,2092-01-31,-8299.859999999999
p52,2092,2092-02-01,-5091.070000000001
p52,2092,2092-02-02,-12812.7
p52,2092,2092-02-03,-15938.689999999999
p52,2092,2092-02-04,-9699.42
p52,2092,2092-02-05,-7361.35
p52,2092,2092-02-06,-7289.900000000001
p52,2092,2092-02-07,-6081.860000000001
p52,2092,2092-02-08,-4007.5199999999995
p52,2092,2092-02-09,-11328.16
p52,2092,2092-02-10,-12204.689999999999
p52,2092,2092-02-11,-6056.570000000001
p52,2092,2092-02-12,-5896.29
p52,2092,2092-02-13,-7072.08
p52,2092,2092-02-14,-5787.57
p52,2092,2092-02-15,-5452.5999999999985
p52,2092,2092-02-16,-12400.5
p52,2092,2092-02-17,-11269.35
p52,2092,2092-02-18,-20478.170000000002
p52,2092,2092-02-19,-6881.610000000001
p52,2092,2092-02-20,-8439.279999999999
p52,2092,2092-02-21,-6727.639999999999
p52,2092,2092-02-22,-6142.170000000001
p52,2092,2092-02-23,-15489.529999999999
p52,2092,2092-02-24,-16132.579999999998
p52,2092,2092-02-25,-6885.259999999998
p52,2092,2092-02-26,-8181.630000000001
p52,2092,2092-02-27,-10197.720000000001
p52,2092,2092-02-28,-12579.490000000002
p52,2092,2092-02-29,-8063.91
p52,2092,2092-03-01,-15675.999999999998
p52,2092,2092-03-02,-16219.46
p52,2092,2092-03-03,-7897.49
p52,2092,2092-03-04,-8626.14
p52,2092,2092-03-05,-9502.7
p52,2092,2092-03-06,-10881.52
p52,2092,2092-03-07,-13669.74
p52,2092,2092-03-08,-23573.87
p52,2092,2092-03-09,-24077.95
p52,2092,2092-03-10,-15007.190000000002
p52,2092,2092-03-11,-16575.66
p52,2092,2092-03-12,-16742.62
p52,2092,2092-03-13,-17137.31
p52,2092,2092-03-14,-17352.95
p52,2092,2092-03-15,-25956.85
p52,2092,2092-03-16,-26082.66
p52,2092,2092-03-17,-20577.559999999998
p52,2092,2092-03-18,-21740.949999999997
p52,2092,2092-03-19,-22856.4
p52,2092,2092-03-20,-20370.73
p52,2092,2092-03-21,-20946.050000000003
p52,2092,2092-03-22,-30851.819999999996
p52,2092,2092-03-23,-32354.88
p52,2092,2092-03-24,-24166.92
p52,2092,2092-03-25,-22642.84
p52,2092,2092-03-26,-24408.27
p52,2092,2092-03-27,-25441.7
p52,2092,2092-03-28,-22660.28
p52,2092,2092-03-29,-31515.229999999996
p52,2092,2092-03-30,-31582.63
p52,2092,2092-03-31,-22764.22
p52,2092,2092-04-01,-18067.43
p52,2092,2092-04-02,-19645.03
p52,2092,2092-04-03,-20125.8
p52,2092,2092-04-04,-16776.16
p52,2092,2092-04-05,-24180.33
p52,2092,2092-04-06,-23565.84
p52,2092,2092-04-07,-18523.74
p52,2092,2092-04-08,-18546.329999999998
p52,2092,2092-04-09,-19029.760000000002
p52,2092,2092-04-10,-19715.43
p52,2092,2092-04-11,-18840.47
p52,2092,2092-04-12,-26244.95
p52,2092,2092-04-13,-27550.879999999997
p52,2092,2092-04-14,-20347.19
p52,2092,2092-04-15,-21708.82
p52,2092,2092-04-16,-23002.65
p52,2092,2092-04-17,-24587.679999999997
p52,2092,2092-04-18,-23141.530000000002
p52,2092,2092-04-19,-28479.5
p52,2092,2092-04-20,-27034.010000000002
p52,2092,2092-04-21,-24018.23
p52,2092,2092-04-22,-23258.649999999998
p52,2092,2092-04-23,-25000.690000000002
p52,2092,2092-04-24,-25943.11
p52,2092,2092-04-25,-27712.77
p52,2092,2092-04-26,-33327.44
p52,2092,2092-04-27,-33117.340000000004
p52,2092,2092-04-28,-23921.21
p52,2092,2092-04-29,-28458.120000000003
p52,2092,2092-04-30,-28140.78
p52,2092,2092-05-01,-22614.28
p52,2092,2092-05-02,-21233.41
p52,2092,2092-05-03,-25915.539999999997
p52,2092,2092-05-04,-25317.48
p52,2092,2092-05-06,-23110.68
p52,2092,2092-05-07,-22941.69
p52,2092,2092-05-08,-23761.52
p52,2092,2092-10-04,16865.83
p52,2092,2092-10-05,18132.97
p52,2092,2092-10-06,18553.71
p52,2092,2092-10-07,20263.58
p52,2092,2092-10-08,20259.27
p52,2092,2092-10-09,20084.5
p52,2092,2092-10-10,19674.24
p52,2092,2092-10-11,21044.06
p52,2092,2092-10-12,20197.76
p52,2092,2092-10-13,-477.6199999999999
p52,2092,2092-10-14,22003.600000000002
p52,2092,2092-10-15,24776.59
p52,2092,2092-10-16,25272.53
p52,2092,2092-10-17,24984.83
p52,2092,2092-10-18,24399.61
p52,2092,2092-10-19,24475.25
p52,2092,2092-10-20,24965.16
p52,2092,2092-10-21,24457.649999999998
p52,2092,2092-10-22,24556.239999999998
p52,2092,2092-10-23,25283.65
p52,2092,2092-10-24,24995.31
p52,2092,2092-10-25,23513.07
p52,2092,2092-10-26,24861.23
p52,2092,2092-10-27,26177.06
p52,2092,2092-10-28,27388.43
p52,2092,2092-10-29,27683.48
p52,2092,2092-10-30,27137.93
p52,2092,2092-10-31,28625.52
p52,2092,2092-11-01,35419.83
p52,2092,2092-11-02,34242.08
p52,2092,2092-11-03,34867.340000000004
p52,2092,2092-11-04,35764.52
p52,2092,2092-11-05,35385.4
p52,2092,2092-11-06,37495.34
p52,2092,2092-11-07,38165.97
p52,2092,2092-11-08,37589.54
p52,2092,2092-11-09,37725.53
p52,2092,2092-11-10,37914.37
p52,2092,2092-11-11,14760.779999999999
p52,2092,2092-11-12,38954.66
p52,2092,2092-11-13,39067.87
p52,2092,2092-11-14,39322.219999999994
p52,2092,2092-11-15,39825.89
p52,2092,2092-11-16,39575.56
p52,2092,2092-11-17,38155.689999999995
p52,2092,2092-11-18,39339.100000000006
p52,2092,2092-11-19,41374.2
p52,2092,2092-11-20,41121.03
p52,2092,2092-11-21,41531.41
p52,2092,2092-11-22,42887.19
p52,2092,2092-11-23,43838.04000000001
p52,2092,2092-11-24,43456.1
p52,2092,2092-11-25,43553.01
p52,2092,2092-11-26,43118.590000000004
p52,2092,2092-11-27,21068.15
p52,2092,2092-11-28,43943.79
p52,2092,2092-11-29,44273.159999999996
p52,2092,2092-11-30,45177.25
p52,2092,2092-12-01,51487.18
p52,2092,2092-12-02,52631.21
p52,2092,2092-12-03,51868.270000000004
p52,2092,2092-12-04,51993.64
p52,2092,2092-12-05,53321.71
p52,2092,2092-12-06,53520.2
p52,2092,2092-12-07,52526.33
p52,2092,2092-12-08,51193.03
p52,2092,2092-12-09,53719.64
p52,2092,2092-12-10,53945.25
p52,2092,2092-12-11,51606.729999999996
p52,2092,2092-12-12,52316.24
p52,2092,2092-12-13,53747.39
p52,2092,2092-12-14,54085.97
p52,2092,2092-12-15,54051.079999999994
p52,2092,2092-12-16,56519.43
p52,2092,2092-12-17,57095.21
p52,2092,2092-12-18,56730.77
p52,2092,2092-12-19,56225.91
p52,2092,2092-12-20,56298.56
p52,2092,2092-12-21,56236.92
p52,2092,2092-12-22,55518.69
p52,2092,2092-12-23,57411.79
p52,2092,2092-12-24,58487.75
p52,2092,2092-12-25,37028.05
p52,2092,2092-12-26,59632.03
p52,2092,2092-12-27,59728.46
p52,2092,2092-12-28,59729.25
p52,2092,2092-12-29,59653.82
p52,2092,2092-12-30,60264.92
p52,2092,2092-12-31,59386.72
p52,2093,2093-01-01,-23125.629999999997
p52,2093,2093-01-02,-4942.420000000001
p52,2093,2093-01-03,-13817.58
p52,2093,2093-01-04,-15431.36
p52,2093,2093-01-05,-8671.919999999998
p52,2093,2093-01-06,-6861.83
p52,2093,2093-01-07,-7116.919999999999
p52,2093,2093-01-08,-6130.150000000001
p52,2093,2093-01-09,-3768.3199999999997
p52,2093,2093-01-10,-12258.850000000002
p52,2093,2093-01-11,-13444.2
p52,2093,2093-01-12,-6785.66
p52,2093,2093-01-13,-7047.35
p52,2093,2093-01-14,-7944.379999999999
p52,2093,2093-01-15,-6968.5
p52,2093,2093-01-16,-6417.93
p52,2093,2093-01-17,-12893.89
p52,2093,2093-01-18,-13172.839999999998
p52,2093,2093-01-19,-22950.18
p52,2093,2093-01-20,-7710.590000000001
p52,2093,2093-01-21,-8714.81
p52,2093,2093-01-22,-8388.96
p52,2093,2093-01-23,-6594.73
p52,2093,2093-01-24,-15404.48
p52,2093,2093-01-25,-16600.07
p52,2093,2093-01-26,-7493.17
p52,2093,2093-01-27,-8386.18
p52,2093,2093-01-28,-9723.56
p52,2093,2093-01-29,-10062.01
p52,2093,2093-01-30,-7853.429999999999
p52,2093,2093-01-31,-17855.899999999998
p52,2093,2093-02-01,-15545.05
p52,2093,2093-02-02,-6895.8
p52,2093,2093-02-03,-6989.63
p52,2093,2093-02-04,-8323.05
p52,2093,2093-02-05,-8202.740000000002
p52,2093,2093-02-06,-8177.66
p52,2093,2093-02-07,-15659.23
p52,2093,2093-02-08,-15493.969999999998
p52,2093,2093-02-09,-7858.39
p52,2093,2093-02-10,-6388.870000000001
p52,2093,2093-02-11,-6143.35
p52,2093,2093-02-12,-6061.120000000001
p52,2093,2093-02-13,-6996.789999999999
p52,2093,2093-02-14,-14367.96
p52,2093,2093-02-15,-15184.32
p52,2093,2093-02-16,-24540.55
p52,2093,2093-02-17,-7675.27
p52,2093,2093-02-18,-7303.019999999999
p52,2093,2093-02-19,-8238.99
p52,2093,2093-02-20,-9771.57
p52,2093,2093-02-21,-18188.24
p52,2093,2093-02-22,-18241.16
p52,2093,2093-02-23,-10718.57
p52,2093,2093-02-24,-10892.46
p52,2093,2093-02-25,-9560.65
p52,2093,2093-02-26,-9035.96
p52,2093,2093-02-27,-8258.11
p52,2093,2093-02-28,-19471.67
p52,2093,2093-03-01,-16662.11
p52,2093,2093-03-02,-10891.29
p52,2093,2093-03-03,-10941.02
p52,2093,2093-03-04,-12250.08
p52,2093,2093-03-05,-11407.75
p52,2093,2093-03-06,-11164.4
p52,2093,2093-03-07,-21381.0
p52,2093,2093-03-08,-23506.19
p52,2093,2093-03-09,-17990.32
p52,2093,2093-03-10,-16479.989999999998
p52,2093,2093-03-11,-18858.36
p52,2093,2093-03-12,-19511.170000000002
p52,2093,2093-03-13,-20033.51
p52,2093,2093-03-14,-27613.13
p52,2093,2093-03-15,-27044.95
p52,2093,2093-03-16,-20669.969999999998
p52,2093,2093-03-17,-23544.02
p52,2093,2093-03-18,-24478.52
p52,2093,2093-03-19,-24918.03
p52,2093,2093-03-20,-22785.309999999998
p52,2093,2093-03-21,-30599.36
p52,2093,2093-03-22,-30112.490000000005
p52,2093,2093-03-23,-23943.8
p52,2093,2093-03-24,-24171.95
p52,2093,2093-03-25,-23781.84
p52,2093,2093-03-26,-26210.7
p52,2093,2093-03-27,-28267.48
p52,2093,2093-03-28,-33723.21000000001
p52,2093,2093-03-29,-34029.979999999996
p52,2093,2093-03-30,-25683.82
p52,2093,2093-03-31,-22942.76
p52,2093,2093-04-01,-18558.87
p52,2093,2093-04-02,-20782.63
p52,2093,2093-04-03,-21556.02
p52,2093,2093-04-04,-25717.91
p52,2093,2093-04-05,-26698.36
p52,2093,2093-04-06,-20132.06
p52,2093,2093-04-07,-20433.9
p52,2093,2093-04-08,-19818.620000000003
p52,2093,2093-04-09,-21022.68
p52,2093,2093-04-10,-22568.66
p52,2093,2093-04-11,-28492.27
p52,2093,2093-04-12,-28226.25
p52,2093,2093-04-13,-24092.13
p52,2093,2093-04-14,-21667.33
p52,2093,2093-04-15,-21186.17
p52,2093,2093-04-16,-22029.99
p52,2093,2093-04-17,-24555.16
p52,2093,2093-04-18,-30687.57
p52,2093,2093-04-19,-30291.039999999997
p52,2093,2093-04-20,-23149.989999999998
p52,2093,2093-04-21,-26659.27
p52,2093,2093-04-22,-25634.68
p52,2093,2093-04-23,-26466.74
p52,2093,2093-04-24,-26340.42
p52,2093,2093-04-25,-34387.740000000005
p52,2093,2093-04-26,-34647.81
p52,2093,2093-04-27,-28791.59
p52,2093,2093-04-28,-25472.39
p52,2093,2093-04-29,-31008.590000000004
p52,2093,2093-04-30,-31114.239999999998
p52,2093,2093-05-01,-24557.97
p52,2093,2093-05-02,-27649.92
p52,2093,2093-05-03,-28096.98
p52,2093,2093-05-04,-23458.670000000002
p52,2093,2093-05-05,-24644.95
p52,2093,2093-05-06,-25261.66
p52,2093,2093-05-07,-25494.16
p52,2093,2093-05-08,-25217.95
p52,2093,2093-05-09,-30426.38
p52,2093,2093-05-10,-30824.2
p52,2093,2093-10-01,15956.529999999999
p52,2093,2093-10-02,16196.380000000001
p52,2093,2093-10-03,16440.41
p52,2093,2093-10-04,14912.3
p52,2093,2093-10-05,14952.02
p52,2093,2093-10-06,15581.849999999999
p52,2093,2093-10-07,17438.0
p52,2093,2093-10-08,18300.95
p52,2093,2093-10-09,19374.59
p52,2093,2093-10-10,18441.100000000002
p52,2093,2093-10-11,19603.18
p52,2093,2093-10-12,-3089.4199999999996
p52,2093,2093-10-13,19854.84
p52,2093,2093-10-14,19451.379999999997
p52,2093,2093-10-15,21475.760000000002
p52,2093,2093-10-16,23047.440000000002
p52,2093,2093-10-17,22345.13
p52,2093,2093-10-18,22282.02
p52,2093,2093-10-19,21823.129999999997
p52,2093,2093-10-20,22565.62
p52,2093,2093-10-21,22383.5
p52,2093,2093-10-22,21782.010000000002
p52,2093,2093-10-23,23644.81
p52,2093,2093-10-24,24285.59
p52,2093,2093-10-25,24419.809999999998
p52,2093,2093-10-26,25247.280000000002
p52,2093,2093-10-27,25502.32
p52,2093,2093-10-28,25619.01
p52,2093,2093-10-29,24604.46
p52,2093,2093-10-30,24215.34
p52,2093,2093-10-31,24770.82
p52,2093,2093-11-01,33708.0
p52,2093,2093-11-02,33880.38
p52,2093,2093-11-03,34976.03
p52,2093,2093-11-04,34830.68
p52,2093,2093-11-05,33929.229999999996
p52,2093,2093-11-06,36389.03
p52,2093,2093-11-07,35183.69
p52,2093,2093-11-08,34405.95
p52,2093,2093-11-09,35802.58
p52,2093,2093-11-10,37283.25
p52,2093,2093-11-11,12897.91
p52,2093,2093-11-12,35683.63
p52,2093,2093-11-13,37012.38
p52,2093,2093-11-14,36673.39
p52,2093,2093-11-15,36981.009999999995
p52,2093,2093-11-16,38041.35
p52,2093,2093-11-17,39661.63
p52,2093,2093-11-18,40868.649999999994
p52,2093,2093-11-19,41260.18
p52,2093,2093-11-20,40700.600000000006
p52,2093,2093-11-21,39202.53
p52,2093,2093-11-22,39288.92
p52,2093,2093-11-23,40480.39
p52,2093,2093-11-24,41759.97
p52,2093,2093-11-25,42509.66
p52,2093,2093-11-26,20532.34
p52,2093,2093-11-27,44211.5
p52,2093,2093-11-28,42904.57
p52,2093,2093-11-29,42666.770000000004
p52,2093,2093-11-30,43381.81999999999
p52,2093,2093-12-01,49642.590000000004
p52,2093,2093-12-02,49302.04
p52,2093,2093-12-03,49536.45
p52,2093,2093-12-04,51854.049999999996
p52,2093,2093-12-05,52097.600000000006
p52,2093,2093-12-06,49737.939999999995
p52,2093,2093-12-07,48638.55
p52,2093,2093-12-08,50158.19
p52,2093,2093-12-09,50911.64
p52,2093,2093-12-10,52311.84
p52,2093,2093-12-11,53957.31
p52,2093,2093-12-12,54821.29
p52,2093,2093-12-13,53478.130000000005
p52,2093,2093-12-14,51804.42
p52,2093,2093-12-15,52775.119999999995
p52,2093,2093-12-16,52924.97
p52,2093,2093-12-17,53515.33
p52,2093,2093-12-18,55142.08
p52,2093,2093-12-19,55611.53
p52,2093,2093-12-20,56143.89
p52,2093,2093-12-21,55571.01
p52,2093,2093-12-22,55619.75
p52,2093,2093-12-23,55937.299999999996
p52,2093,2093-12-24,56833.94
p52,2093,2093-12-25,35145.21
p52,2093,2093-12-26,56289.7
p52,2093,2093-12-27,56863.630000000005
p52,2093,2093-12-28,58173.86
p52,2093,2093-12-29,58507.74
p52,2093,2093-12-30,56506.700000000004
p52,2093,2093-12-31,56854.83
p52,2094,2094-01-01,-24793.4
p52,2094,2094-01-02,-15972.869999999999
p52,2094,2094-01-03,-15918.23
p52,2094,2094-01-04,-6941.799999999999
p52,2094,2094-01-05,-6328.0
p52,2094,2094-01-06,-7136.330000000001
p52,2094,2094-01-07,-8014.27
p52,2094,2094-01-08,-7621.16
p52,2094,2094-01-09,-15523.76
p52,2094,2094-01-10,-16345.490000000002
p52,2094,2094-01-11,-8894.66
p52,2094,2094-01-12,-7186.86
p52,2094,2094-01-13,-7064.830000000001
p52,2094,2094-01-14,-7562.35
p52,2094,2094-01-15,-7309.499999999999
p52,2094,2094-01-16,-16223.68
p52,2094,2094-01-17,-15401.989999999998
p52,2094,2094-01-18,-25376.03
p52,2094,2094-01-19,-10235.619999999999
p52,2094,2094-01-20,-10209.4
p52,2094,2094-01-21,-9442.240000000002
p52,2094,2094-01-22,-9889.52
p52,2094,2094-01-23,-18269.77
p52,2094,2094-01-24,-18432.66
p52,2094,2094-01-25,-11560.96
p52,2094,2094-01-26,-10134.98
p52,2094,2094-01-27,-10233.63
p52,2094,2094-01-28,-8072.329999999999
p52,2094,2094-01-29,-7740.129999999999
p52,2094,2094-01-30,-16153.970000000001
p52,2094,2094-01-31,-19035.82
p52,2094,2094-02-01,-11108.95
p52,2094,2094-02-02,-10200.66
p52,2094,2094-02-03,-10872.44
p52,2094,2094-02-04,-10332.75
p52,2094,2094-02-05,-8454.47
p52,2094,2094-02-06,-15477.289999999999
p52,2094,2094-02-07,-15516.35
p52,2094,2094-02-08,-9696.89
p52,2094,2094-02-09,-9419.369999999999
p52,2094,2094-02-10,-8906.119999999999
p52,2094,2094-02-11,-9163.43
p52,2094,2094-02-12,-9240.34
p52,2094,2094-02-13,-16982.58
p52,2094,2094-02-14,-15335.03
p52,2094,2094-02-15,-26546.350000000002
p52,2094,2094-02-16,-11807.44
p52,2094,2094-02-17,-10487.560000000001
p52,2094,2094-02-18,-9242.539999999999
p52,2094,2094-02-19,-10740.009999999998
p52,2094,2094-02-20,-18806.58
p52,2094,2094-02-21,-16741.01
p52,2094,2094-02-22,-9414.310000000001
p52,2094,2094-02-23,-10325.6
p52,2094,2094-02-24,-11887.279999999999
p52,2094,2094-02-25,-11368.0
p52,2094,2094-02-26,-12135.04
p52,2094,2094-02-27,-19856.47
p52,2094,2094-02-28,-21797.72
p52,2094,2094-03-01,-10408.35
p52,2094,2094-03-02,-10213.35
p52,2094,2094-03-03,-10673.720000000001
p52,2094,2094-03-04,-12909.029999999999
p52,2094,2094-03-05,-12760.09
p52,2094,2094-03-06,-21174.24
p52,2094,2094-03-07,-24222.37
p52,2094,2094-03-08,-20187.390000000003
p52,2094,2094-03-09,-19701.68
p52,2094,2094-03-10,-17344.83
p52,2094,2094-03-11,-20689.010000000002
p52,2094,2094-03-12,-22360.65
p52,2094,2094-03-13,-30364.31
p52,2094,2094-03-14,-29589.84
p52,2094,2094-03-15,-22614.480000000003
p52,2094,2094-03-16,-21879.29
p52,2094,2094-03-17,-22524.39
p52,2094,2094-03-18,-23074.620000000003
p52,2094,2094-03-19,-24697.260000000002
p52,2094,2094-03-20,-31540.589999999997
p52,2094,2094-03-21,-32533.1
p52,2094,2094-03-22,-26143.64
p52,2094,2094-03-23,-26907.570000000003
p52,2094,2094-03-24,-26511.039999999997
p52,2094,2094-03-25,-24991.33
p52,2094,2094-03-26,-26270.8
p52,2094,2094-03-27,-35825.04
p52,2094,2094-03-28,-34942.170000000006
p52,2094,2094-03-29,-29056.99
p52,2094,2094-03-30,-27650.910000000003
p52,2094,2094-03-31,-25996.32
p52,2094,2094-04-01,-21742.54
p52,2094,2094-04-02,-22686.16
p52,2094,2094-04-03,-29160.109999999997
p52,2094,2094-04-04,-27807.760000000002
p52,2094,2094-04-05,-23775.370000000003
p52,2094,2094-04-06,-22279.53
p52,2094,2094-04-07,-22516.14
p52,2094,2094-04-08,-22470.01
p52,2094,2094-04-09,-22330.8
p52,2094,2094-04-10,-28570.230000000003
p52,2094,2094-04-11,-27511.41
p52,2094,2094-04-12,-22129.6
p52,2094,2094-04-13,-24655.38
p52,2094,2094-04-14,-23455.989999999998
p52,2094,2094-04-15,-24062.01
p52,2094,2094-04-16,-24711.46
p52,2094,2094-04-17,-33182.04
p52,2094,2094-04-18,-32320.93
p52,2094,2094-04-19,-24516.47
p52,2094,2094-04-20,-23233.920000000002
p52,2094,2094-04-21,-27969.62
p52,2094,2094-04-22,-27384.690000000002
p52,2094,2094-04-23,-27979.83
p52,2094,2094-04-24,-34999.46
p52,2094,2094-04-25,-37385.63
p52,2094,2094-04-26,-31205.78
p52,2094,2094-04-27,-29710.23
p52,2094,2094-04-28,-27636.47
p52,2094,2094-04-29,-34082.08
p52,2094,2094-04-30,-33292.54
p52,2094,2094-05-01,-31365.320000000003
p52,2094,2094-05-02,-30345.780000000002
p52,2094,2094-05-03,-25140.18
p52,2094,2094-05-04,-22779.91
p52,2094,2094-05-05,-24153.59
p52,2094,2094-05-06,-25729.019999999997
p52,2094,2094-05-07,-26174.58
p52,2094,2094-05-08,-31838.74
p52,2094,2094-05-09,-33168.34
p52,2094,2094-05-11,-26270.770000000004
p52,2094,2094-05-12,-26726.17
p52,2094,2094-05-13,-26858.21
p52,2094,2094-05-14,-26794.629999999997
p52,2094,2094-10-01,12982.24
p52,2094,2094-10-02,13407.259999999998
p52,2094,2094-10-03,14236.76
p52,2094,2094-10-04,13230.779999999999
p52,2094,2094-10-05,14398.76
p52,2094,2094-10-06,14026.970000000001
p52,2094,2094-10-07,15522.880000000001
p52,2094,2094-10-08,16746.2
p52,2094,2094-10-09,16629.76
p52,2094,2094-10-10,15261.6
p52,2094,2094-10-11,-4505.950000000001
p52,2094,2094-10-12,17496.22
p52,2094,2094-10-13,17587.55
p52,2094,2094-10-14,15952.220000000001
p52,2094,2094-10-15,19043.57
p52,2094,2094-10-16,19846.74
p52,2094,2094-10-17,19571.33
p52,2094,2094-10-18,20737.15
p52,2094,2094-10-19,22579.35
p52,2094,2094-10-20,23441.39
p52,2094,2094-10-21,21948.45
p52,2094,2094-10-22,21103.72
p52,2094,2094-10-23,20965.050000000003
p52,2094,2094-10-24,21217.8
p52,2094,2094-10-25,21679.66
p52,2094,2094-10-26,23080.59
p52,2094,2094-10-27,23857.11
p52,2094,2094-10-28,24863.29
p52,2094,2094-10-29,24633.96
p52,2094,2094-10-30,22438.93
p52,2094,2094-10-31,23132.410000000003
p52,2094,2094-11-01,32591.52
p52,2094,2094-11-02,32034.269999999997
p52,2094,2094-11-03,31838.27
p52,2094,2094-11-04,32339.17
p52,2094,2094-11-05,33263.38
p52,2094,2094-11-06,33712.06
p52,2094,2094-11-07,31652.84
p52,2094,2094-11-08,32178.68
p52,2094,2094-11-09,34539.76
p52,2094,2094-11-10,34655.700000000004
p52,2094,2094-11-11,10999.4
p52,2094,2094-11-12,37089.18
p52,2094,2094-11-13,37247.0
p52,2094,2094-11-14,36244.990000000005
p52,2094,2094-11-15,36477.53
p52,2094,2094-11-16,36862.71
p52,2094,2094-11-17,36618.39
p52,2094,2094-11-18,37629.26
p52,2094,2094-11-19,39515.31
p52,2094,2094-11-20,38611.5
p52,2094,2094-11-21,38747.82
p52,2094,2094-11-22,39486.12
p52,2094,2094-11-23,40300.04
p52,2094,2094-11-24,40381.33
p52,2094,2094-11-25,18188.07
p52,2094,2094-11-26,41351.16
p52,2094,2094-11-27,40264.369999999995
p52,2094,2094-11-28,40085.670000000006
p52,2094,2094-11-29,41481.700000000004
p52,2094,2094-11-30,42202.08
p52,2094,2094-12-01,46188.42
p52,2094,2094-12-02,46823.23
p52,2094,2094-12-03,48523.66
p52,2094,2094-12-04,49594.51
p52,2094,2094-12-05,50011.159999999996
p52,2094,2094-12-06,50001.44
p52,2094,2094-12-07,51310.36
p52,2094,2094-12-08,50175.76
p52,2094,2094-12-09,50091.119999999995
p52,2094,2094-12-10,51075.99
p52,2094,2094-12-11,50860.17
p52,2094,2094-12-12,50953.92
p52,2094,2094-12-13,49874.28
p52,2094,2094-12-14,51545.909999999996
p52,2094,2094-12-15,52937.22
p52,2094,2094-12-16,53419.69
p52,2094,2094-12-17,53596.98
p52,2094,2094-12-18,53925.34
p52,2094,2094-12-19,53716.5
p52,2094,2094-12-20,52491.740000000005
p52,2094,2094-12-21,52702.619999999995
p52,2094,2094-12-22,53112.47
p52,2094,2094-12-23,55350.36
p52,2094,2094-12-24,33481.42
p52,2094,2094-12-25,41511.12
p52,2094,2094-12-26,53320.340000000004
p52,2094,2094-12-27,54310.17
p52,2094,2094-12-28,55861.0
p52,2094,2094-12-29,56742.75
p52,2094,2094-12-30,58598.68
p52,2094,2094-12-31,37309.37
p52,2095,2095-01-01,-32496.759999999995
p52,2095,2095-01-02,-17211.059999999998
p52,2095,2095-01-03,-11189.130000000001
p52,2095,2095-01-04,-10347.14
p52,2095,2095-01-05,-10326.91
p52,2095,2095-01-06,-9238.54
p52,2095,2095-01-07,-8299.23
p52,2095,2095-01-08,-15251.720000000001
p52,2095,2095-01-09,-15405.67
p52,2095,2095-01-10,-10495.330000000002
p52,2095,2095-01-11,-10481.73
p52,2095,2095-01-12,-9728.51
p52,2095,2095-01-13,-10114.800000000001
p52,2095,2095-01-14,-10760.03
p52,2095,2095-01-15,-17502.58
p52,2095,2095-01-16,-17229.02
p52,2095,2095-01-17,-26863.34
p52,2095,2095-01-18,-12508.74
p52,2095,2095-01-19,-13087.449999999999
p52,2095,2095-01-20,-12200.91
p52,2095,2095-01-21,-11972.89
p52,2095,2095-01-22,-19278.5
p52,2095,2095-01-23,-16908.87
p52,2095,2095-01-24,-9476.62
p52,2095,2095-01-25,-11228.439999999999
p52,2095,2095-01-26,-11216.470000000001
p52,2095,2095-01-27,-12132.460000000001
p52,2095,2095-01-28,-11307.150000000001
p52,2095,2095-01-29,-19546.81
p52,2095,2095-01-30,-18636.79
p52,2095,2095-01-31,-13057.550000000001
p52,2095,2095-02-01,-10430.64
p52,2095,2095-02-02,-9964.0
p52,2095,2095-02-03,-11583.8
p52,2095,2095-02-04,-11806.140000000001
p52,2095,2095-02-05,-18113.15
p52,2095,2095-02-06,-18687.9
p52,2095,2095-02-07,-12752.29
p52,2095,2095-02-08,-11540.12
p52,2095,2095-02-09,-10267.94
p52,2095,2095-02-10,-10830.33
p52,2095,2095-02-11,-12318.150000000001
p52,2095,2095-02-12,-19577.809999999998
p52,2095,2095-02-13,-19152.42
p52,2095,2095-02-14,-11737.1
p52,2095,2095-02-15,-11753.35
p52,2095,2095-02-16,-10187.68
p52,2095,2095-02-17,-8466.59
p52,2095,2095-02-18,-8794.09
p52,2095,2095-02-19,-19107.84
p52,2095,2095-02-20,-20920.859999999997
p52,2095,2095-02-21,-29818.189999999995
p52,2095,2095-02-22,-12595.69
p52,2095,2095-02-23,-12514.14
p52,2095,2095-02-24,-12587.220000000001
p52,2095,2095-02-25,-10697.099999999999
p52,2095,2095-02-26,-19575.35
p52,2095,2095-02-27,-20786.12
p52,2095,2095-02-28,-16911.8
p52,2095,2095-03-01,-12101.34
p52,2095,2095-03-02,-13209.109999999999
p52,2095,2095-03-03,-14049.150000000001
p52,2095,2095-03-04,-14512.740000000002
p52,2095,2095-03-05,-21217.86
p52,2095,2095-03-06,-23100.47
p52,2095,2095-03-07,-21013.69
p52,2095,2095-03-08,-22238.86
p52,2095,2095-03-09,-21730.26
p52,2095,2095-03-10,-20050.23
p52,2095,2095-03-11,-21718.23
p52,2095,2095-03-12,-28468.149999999998
p52,2095,2095-03-13,-28778.56
p52,2095,2095-03-14,-22703.25
p52,2095,2095-03-15,-23053.58
p52,2095,2095-03-16,-23737.93
p52,2095,2095-03-17,-25756.07
p52,2095,2095-03-18,-25969.16
p52,2095,2095-03-19,-34340.990000000005
p52,2095,2095-03-20,-32900.69
p52,2095,2095-03-21,-25789.13
p52,2095,2095-03-22,-25962.13
p52,2095,2095-03-23,-28185.58
p52,2095,2095-03-24,-28532.37
p52,2095,2095-03-25,-26877.33
p52,2095,2095-03-26,-36266.66
p52,2095,2095-03-27,-39123.770000000004
p52,2095,2095-03-28,-30456.190000000002
p52,2095,2095-03-29,-29801.23
p52,2095,2095-03-30,-29858.609999999997
p52,2095,2095-03-31,-29297.16
p52,2095,2095-04-01,-23896.66
p52,2095,2095-04-02,-31140.72
p52,2095,2095-04-03,-31926.07
p52,2095,2095-04-04,-23325.78
p52,2095,2095-04-05,-22591.3
p52,2095,2095-04-06,-21312.39
p52,2095,2095-04-07,-22802.89
p52,2095,2095-04-08,-23030.0
p52,2095,2095-04-09,-30756.27
p52,2095,2095-04-10,-31662.82
p52,2095,2095-04-11,-24221.489999999998
p52,2095,2095-04-12,-23944.670000000002
p52,2095,2095-04-13,-26115.39
p52,2095,2095-04-14,-23979.539999999997
p52,2095,2095-04-15,-24043.58
p52,2095,2095-04-16,-32382.120000000003
p52,2095,2095-04-17,-34853.02
p52,2095,2095-04-18,-28076.7
p52,2095,2095-04-19,-26620.530000000002
p52,2095,2095-04-20,-26413.24
p52,2095,2095-04-21,-30181.84
p52,2095,2095-04-22,-28185.72
p52,2095,2095-04-23,-36049.13
p52,2095,2095-04-24,-38251.07
p52,2095,2095-04-25,-34420.99
p52,2095,2095-04-26,-32834.619999999995
p52,2095,2095-04-27,-32383.2
p52,2095,2095-04-28,-29334.06
p52,2095,2095-04-29,-33373.170000000006
p52,2095,2095-04-30,-38510.47
p52,2095,2095-05-01,-31921.24
p52,2095,2095-05-02,-26655.96
p52,2095,2095-05-03,-26421.97
p52,2095,2095-05-04,-25647.39
p52,2095,2095-05-05,-27110.27
p52,2095,2095-05-06,-27736.92
p52,2095,2095-05-07,-32961.28
p52,2095,2095-05-08,-33032.049999999996
p52,2095,2095-05-09,-29592.329999999998
p52,2095,2095-05-10,-30446.28
p52,2095,2095-05-11,-28189.989999999998
p52,2095,2095-05-12,-28564.0
p52,2095,2095-05-13,-28919.04
p52,2095,2095-05-14,-34761.64
p52,2095,2095-05-15,-36664.12
p52,2095,2095-05-16,-31499.75
p52,2095,2095-05-17,-30252.94
p52,2095,2095-09-29,1836.4099999999999
p52,2095,2095-09-30,2911.9399999999996
p52,2095,2095-10-01,11787.63
p52,2095,2095-10-02,11662.01
p52,2095,2095-10-03,12108.76
p52,2095,2095-10-04,11044.96
p52,2095,2095-10-05,10975.09
p52,2095,2095-10-06,11243.73
p52,2095,2095-10-07,14259.119999999999
p52,2095,2095-10-08,14420.27
p52,2095,2095-10-09,13057.570000000002
p52,2095,2095-10-10,-9609.58
p52,2095,2095-10-11,15446.4
p52,2095,2095-10-12,14575.77
p52,2095,2095-10-13,15369.560000000001
p52,2095,2095-10-14,16623.47
p52,2095,2095-10-15,18902.84
p52,2095,2095-10-16,19218.76
p52,2095,2095-10-17,18963.24
p52,2095,2095-10-18,19351.58
p52,2095,2095-10-19,19497.3
p52,2095,2095-10-20,20040.29
p52,2095,2095-10-21,19793.89
p52,2095,2095-10-22,18678.05
p52,2095,2095-10-23,19863.16
p52,2095,2095-10-24,21256.68
p52,2095,2095-10-25,20903.0
p52,2095,2095-10-26,21286.92
p52,2095,2095-10-27,21951.359999999997
p52,2095,2095-10-28,22820.170000000002
p52,2095,2095-10-29,20345.95
p52,2095,2095-10-30,19492.68
p52,2095,2095-10-31,22315.2
p52,2095,2095-11-01,31154.11
p52,2095,2095-11-02,28671.629999999997
p52,2095,2095-11-03,29173.160000000003
p52,2095,2095-11-04,31047.79
p52,2095,2095-11-05,30099.57
p52,2095,2095-11-06,31454.43
p52,2095,2095-11-07,32718.2
p52,2095,2095-11-08,34010.95
p52,2095,2095-11-09,34297.64
p52,2095,2095-11-10,33664.83
p52,2095,2095-11-11,9668.71
p52,2095,2095-11-12,33016.54
p52,2095,2095-11-13,33747.740000000005
p52,2095,2095-11-14,34410.46
p52,2095,2095-11-15,35725.47
p52,2095,2095-11-16,36508.95
p52,2095,2095-11-17,36575.84
p52,2095,2095-11-18,37375.61
p52,2095,2095-11-19,36922.98
p52,2095,2095-11-20,36772.979999999996
p52,2095,2095-11-21,36565.479999999996
p52,2095,2095-11-22,36886.66
p52,2095,2095-11-23,37918.36
p52,2095,2095-11-24,16680.2
p52,2095,2095-11-25,39790.229999999996
p52,2095,2095-11-26,37130.2
p52,2095,2095-11-27,37307.44
p52,2095,2095-11-28,38395.130000000005
p52,2095,2095-11-29,39354.850000000006
p52,2095,2095-11-30,40423.93
p52,2095,2095-12-01,47833.51
p52,2095,2095-12-02,49456.07
p52,2095,2095-12-03,49063.7
p52,2095,2095-12-04,48419.020000000004
p52,2095,2095-12-05,46950.22
p52,2095,2095-12-06,47116.35
p52,2095,2095-12-07,47742.009999999995
p52,2095,2095-12-08,48090.38
p52,2095,2095-12-09,49842.87
p52,2095,2095-12-10,51451.84
p52,2095,2095-12-11,50886.5
p52,2095,2095-12-12,49167.53
p52,2095,2095-12-13,49026.630000000005
p52,2095,2095-12-14,49820.41
p52,2095,2095-12-15,50550.23
p52,2095,2095-12-16,50608.0
p52,2095,2095-12-17,51349.56
p52,2095,2095-12-18,52880.08
p52,2095,2095-12-19,50667.899999999994
p52,2095,2095-12-20,49433.479999999996
p52,2095,2095-12-21,50060.63
p52,2095,2095-12-22,51570.78
p52,2095,2095-12-23,53036.99
p52,2095,2095-12-24,54070.67
p52,2095,2095-12-25,42372.1
p52,2095,2095-12-26,31902.93
p52,2095,2095-12-27,54962.520000000004
p52,2095,2095-12-28,54921.649999999994
p52,2095,2095-12-29,54945.700000000004
p52,2095,2095-12-30,55518.44
p52,2095,2095-12-31,56021.76
p52,2096,2096-01-01,-35061.32
p52,2096,2096-01-02,-27915.97
p52,2096,2096-01-03,-10620.96
p52,2096,2096-01-04,-10166.12
p52,2096,2096-01-05,-11117.2
p52,2096,2096-01-06,-10781.07
p52,2096,2096-01-07,-18274.86
p52,2096,2096-01-08,-18516.059999999998
p52,2096,2096-01-09,-12497.55
p52,2096,2096-01-10,-12363.44
p52,2096,2096-01-11,-11343.59
p52,2096,2096-01-12,-11662.650000000001
p52,2096,2096-01-13,-13260.430000000002
p52,2096,2096-01-14,-21090.260000000002
p52,2096,2096-01-15,-19693.37
p52,2096,2096-01-16,-30047.100000000002
p52,2096,2096-01-17,-11737.09
p52,2096,2096-01-18,-10928.189999999999
p52,2096,2096-01-19,-11087.67
p52,2096,2096-01-20,-11747.3
p52,2096,2096-01-21,-20453.879999999997
p52,2096,2096-01-22,-21379.68
p52,2096,2096-01-23,-13764.160000000002
p52,2096,2096-01-24,-12775.18
p52,2096,2096-01-25,-13531.68
p52,2096,2096-01-26,-12004.599999999999
p52,2096,2096-01-27,-11518.96
p52,2096,2096-01-28,-18934.82
p52,2096,2096-01-29,-20571.34
p52,2096,2096-01-30,-13626.71
p52,2096,2096-01-31,-14999.04
p52,2096,2096-02-01,-13638.659999999998
p52,2096,2096-02-02,-13587.83
p52,2096,2096-02-03,-13318.529999999999
p52,2096,2096-02-04,-19645.370000000003
p52,2096,2096-02-05,-20238.0
p52,2096,2096-02-06,-16173.019999999999
p52,2096,2096-02-07,-14959.130000000001
p52,2096,2096-02-08,-13706.169999999998
p52,2096,2096-02-09,-13277.530000000002
p52,2096,2096-02-10,-11902.87
p52,2096,2096-02-11,-17976.05
p52,2096,2096-02-12,-17722.66
p52,2096,2096-02-13,-12847.17
p52,2096,2096-02-14,-12183.099999999999
p52,2096,2096-02-15,-13845.53
p52,2096,2096-02-16,-13875.68
p52,2096,2096-02-17,-11675.97
p52,2096,2096-02-18,-18649.96
p52,2096,2096-02-19,-20134.010000000002
p52,2096,2096-02-20,-30577.820000000003
p52,2096,2096-02-21,-12915.54
p52,2096,2096-02-22,-13514.970000000001
p52,2096,2096-02-23,-14368.21
p52,2096,2096-02-24,-14333.489999999998
p52,2096,2096-02-25,-21313.600000000002
p52,2096,2096-02-26,-23309.25
p52,2096,2096-02-27,-16141.11
p52,2096,2096-02-28,-17135.02
p52,2096,2096-02-29,-15392.02
p52,2096,2096-03-01,-16654.99
p52,2096,2096-03-02,-16698.15
p52,2096,2096-03-03,-23389.03
p52,2096,2096-03-04,-24909.9
p52,2096,2096-03-05,-17870.07
p52,2096,2096-03-06,-16989.850000000002
p52,2096,2096-03-07,-19585.77
p52,2096,2096-03-08,-22075.69
p52,2096,2096-03-09,-22635.06
p52,2096,2096-03-10,-29289.920000000002
p52,2096,2096-03-11,-32236.859999999997
p52,2096,2096-03-12,-25890.769999999997
p52,2096,2096-03-13,-25099.350000000002
p52,2096,2096-03-14,-24607.64
p52,2096,2096-03-15,-24371.210000000003
p52,2096,2096-03-16,-24156.22
p52,2096,2096-03-17,-33951.11
p52,2096,2096-03-18,-35354.9
p52,2096,2096-03-19,-30042.700000000004
p52,2096,2096-03-20,-28375.84
p52,2096,2096-03-21,-29386.83
p52,2096,2096-03-22,-29272.690000000002
p52,2096,2096-03-23,-29310.89
p52,2096,2096-03-24,-37178.64
p52,2096,2096-03-25,-38112.439999999995
p52,2096,2096-03-26,-33499.76
p52,2096,2096-03-27,-34396.02
p52,2096,2096-03-28,-32311.49
p52,2096,2096-03-29,-32437.039999999997
p52,2096,2096-03-30,-30127.590000000004
p52,2096,2096-03-31,-35296.060000000005
p52,2096,2096-04-01,-30354.01
p52,2096,2096-04-02,-26405.83
p52,2096,2096-04-03,-27291.66
p52,2096,2096-04-04,-25171.54
p52,2096,2096-04-05,-25671.45
p52,2096,2096-04-06,-23790.99
p52,2096,2096-04-07,-31249.03
p52,2096,2096-04-08,-31195.999999999996
p52,2096,2096-04-09,-25681.58
p52,2096,2096-04-10,-26400.05
p52,2096,2096-04-11,-25643.77
p52,2096,2096-04-12,-25892.41
p52,2096,2096-04-13,-28195.93
p52,2096,2096-04-14,-33797.57
p52,2096,2096-04-15,-34257.21
p52,2096,2096-04-16,-28434.39
p52,2096,2096-04-17,-31091.339999999997
p52,2096,2096-04-18,-31640.86
p52,2096,2096-04-19,-30339.850000000002
p52,2096,2096-04-20,-28212.899999999998
p52,2096,2096-04-21,-38152.96
p52,2096,2096-04-22,-37482.91
p52,2096,2096-04-23,-31901.359999999997
p52,2096,2096-04-24,-31830.28
p52,2096,2096-04-25,-34307.670000000006
p52,2096,2096-04-26,-34244.95
p52,2096,2096-04-27,-33826.270000000004
p52,2096,2096-04-28,-37918.049999999996
p52,2096,2096-04-29,-42253.03
p52,2096,2096-04-30,-36318.670000000006
p52,2096,2096-05-01,-29578.239999999998
p52,2096,2096-05-02,-27994.24
p52,2096,2096-05-03,-27806.39
p52,2096,2096-05-04,-26869.81
p52,2096,2096-05-05,-33860.27
p52,2096,2096-05-06,-34780.149999999994
p52,2096,2096-05-07,-30744.35
p52,2096,2096-05-08,-31324.709999999995
p52,2096,2096-05-09,-32546.960000000003
p52,2096,2096-05-10,-32577.309999999998
p52,2096,2096-05-11,-30139.750000000004
p52,2096,2096-05-12,-36889.83
p52,2096,2096-05-13,-37585.509999999995
p52,2096,2096-05-14,-32534.720000000005
p52,2096,2096-05-15,-34204.229999999996
p52,2096,2096-05-16,-34020.13
p52,2096,2096-05-17,-31851.49
p52,2096,2096-05-18,-31795.769999999997
p52,2096,2096-05-19,-39452.369999999995
p52,2096,2096-09-27,-428.48
p52,2096,2096-09-28,-712.6099999999997
p52,2096,2096-09-29,-616.7000000000007
p52,2096,2096-09-30,-291.24999999999955
p52,2096,2096-10-01,9707.77
p52,2096,2096-10-02,10015.279999999999
p52,2096,2096-10-03,9448.529999999999
p52,2096,2096-10-04,7942.42
p52,2096,2096-10-05,9883.54
p52,2096,2096-10-06,10635.55
p52,2096,2096-10-07,12045.279999999999
p52,2096,2096-10-08,-8394.93
p52,2096,2096-10-09,14350.16
p52,2096,2096-10-10,13223.009999999998
p52,2096,2096-10-11,14875.69
p52,2096,2096-10-12,13944.609999999999
p52,2096,2096-10-13,13997.0
p52,2096,2096-10-14,13825.55
p52,2096,2096-10-15,16638.14
p52,2096,2096-10-16,18466.68
p52,2096,2096-10-17,18429.14
p52,2096,2096-10-18,18768.93
p52,2096,2096-10-19,19103.65
p52,2096,2096-10-20,18295.84
p52,2096,2096-10-21,17701.97
p52,2096,2096-10-22,17087.35
p52,2096,2096-10-23,17873.059999999998
p52,2096,2096-10-24,18724.22
p52,2096,2096-10-25,19459.09
p52,2096,2096-10-26,20245.0
p52,2096,2096-10-27,18066.13
p52,2096,2096-10-28,18067.309999999998
p52,2096,2096-10-29,18968.489999999998
p52,2096,2096-10-30,18730.46
p52,2096,2096-10-31,20488.46
p52,2096,2096-11-01,30555.739999999998
p52,2096,2096-11-02,30688.18
p52,2096,2096-11-03,29990.11
p52,2096,2096-11-04,29569.16
p52,2096,2096-11-05,28828.11
p52,2096,2096-11-06,30791.71
p52,2096,2096-11-07,30627.829999999998
p52,2096,2096-11-08,31412.239999999998
p52,2096,2096-11-09,33320.25
p52,2096,2096-11-10,32562.33
p52,2096,2096-11-11,22174.71
p52,2096,2096-11-12,9668.03
p52,2096,2096-11-13,34163.0
p52,2096,2096-11-14,34134.59
p52,2096,2096-11-15,34339.72
p52,2096,2096-11-16,34306.57
p52,2096,2096-11-17,33433.590000000004
p52,2096,2096-11-18,35175.75
p52,2096,2096-11-19,36239.42
p52,2096,2096-11-20,34532.03
p52,2096,2096-11-21,33956.32
p52,2096,2096-11-22,12685.810000000001
p52,2096,2096-11-23,37407.47
p52,2096,2096-11-24,37173.950000000004
p52,2096,2096-11-25,38475.24
p52,2096,2096-11-26,39053.16
p52,2096,2096-11-27,39449.96
p52,2096,2096-11-28,38458.14
p52,2096,2096-11-29,38283.76
p52,2096,2096-11-30,39264.549999999996
p52,2096,2096-12-01,46139.229999999996
p52,2096,2096-12-02,46894.35
p52,2096,2096-12-03,46095.810000000005
p52,2096,2096-12-04,47458.08
p52,2096,2096-12-05,47768.64
p52,2096,2096-12-06,47144.409999999996
p52,2096,2096-12-07,47811.95
p52,2096,2096-12-08,48443.78
p52,2096,2096-12-09,48388.799999999996
p52,2096,2096-12-10,46882.97
p52,2096,2096-12-11,47419.94
p52,2096,2096-12-12,48980.799999999996
p52,2096,2096-12-13,47969.37
p52,2096,2096-12-14,46906.49
p52,2096,2096-12-15,48148.4
p52,2096,2096-12-16,49579.049999999996
p52,2096,2096-12-17,48857.0
p52,2096,2096-12-18,50243.47
p52,2096,2096-12-19,51219.59
p52,2096,2096-12-20,52038.99
p52,2096,2096-12-21,52457.89
p52,2096,2096-12-22,52124.13
p52,2096,2096-12-23,51831.79
p52,2096,2096-12-24,50792.63
p52,2096,2096-12-25,29685.02
p52,2096,2096-12-26,52270.29
p52,2096,2096-12-27,53825.55
p52,2096,2096-12-28,55674.770000000004
p52,2096,2096-12-29,55983.99
p52,2096,2096-12-30,55294.97
p52,2096,2096-12-31,54263.82
p52,2097,2097-01-01,-30097.839999999997
p52,2097,2097-01-02,-13621.120000000003
p52,2097,2097-01-03,-14488.630000000001
p52,2097,2097-01-04,-12562.980000000001
p52,2097,2097-01-05,-19112.29
p52,2097,2097-01-06,-20090.52
p52,2097,2097-01-07,-16100.91
p52,2097,2097-01-08,-15086.490000000002
p52,2097,2097-01-09,-13632.12
p52,2097,2097-01-10,-14297.740000000002
p52,2097,2097-01-11,-13345.300000000001
p52,2097,2097-01-12,-18924.07
p52,2097,2097-01-13,-18977.260000000002
p52,2097,2097-01-14,-13826.61
p52,2097,2097-01-15,-13485.41
p52,2097,2097-01-16,-14914.12
p52,2097,2097-01-17,-14336.060000000001
p52,2097,2097-01-18,-13900.109999999999
p52,2097,2097-01-19,-21249.4
p52,2097,2097-01-20,-21251.95
p52,2097,2097-01-21,-31367.91
p52,2097,2097-01-22,-14637.34
p52,2097,2097-01-23,-14129.78
p52,2097,2097-01-24,-14240.309999999998
p52,2097,2097-01-25,-14809.77
p52,2097,2097-01-26,-21995.4
p52,2097,2097-01-27,-23572.54
p52,2097,2097-01-28,-15669.220000000001
p52,2097,2097-01-29,-14580.939999999999
p52,2097,2097-01-30,-15135.239999999998
p52,2097,2097-01-31,-19079.95
p52,2097,2097-02-01,-16547.12
p52,2097,2097-02-02,-21746.6
p52,2097,2097-02-03,-22582.719999999998
p52,2097,2097-02-04,-16462.92
p52,2097,2097-02-05,-13924.53
p52,2097,2097-02-06,-13695.45
p52,2097,2097-02-07,-13874.0
p52,2097,2097-02-08,-13813.36
p52,2097,2097-02-09,-21505.95
p52,2097,2097-02-10,-21993.8
p52,2097,2097-02-11,-15398.16
p52,2097,2097-02-12,-13854.429999999997
p52,2097,2097-02-13,-13920.570000000002
p52,2097,2097-02-14,-12613.59
p52,2097,2097-02-15,-13308.029999999999
p52,2097,2097-02-16,-21147.23
p52,2097,2097-02-17,-20841.07
p52,2097,2097-02-18,-30388.06
p52,2097,2097-02-19,-16171.829999999998
p52,2097,2097-02-20,-18193.980000000003
p52,2097,2097-02-21,-16318.89
p52,2097,2097-02-22,-14280.39
p52,2097,2097-02-23,-23203.980000000003
p52,2097,2097-02-24,-26350.44
p52,2097,2097-02-25,-18900.49
p52,2097,2097-02-26,-18168.289999999997
p52,2097,2097-02-27,-18220.55
p52,2097,2097-02-28,-20261.17
p52,2097,2097-03-01,-14280.900000000001
p52,2097,2097-03-02,-22123.690000000002
p52,2097,2097-03-03,-23509.29
p52,2097,2097-03-04,-19074.48
p52,2097,2097-03-05,-19151.510000000002
p52,2097,2097-03-06,-20565.2
p52,2097,2097-03-07,-22953.03
p52,2097,2097-03-08,-23522.129999999997
p52,2097,2097-03-09,-30719.170000000002
p52,2097,2097-03-10,-29435.49
p52,2097,2097-03-11,-25570.82
p52,2097,2097-03-12,-26355.57
p52,2097,2097-03-13,-27124.41
p52,2097,2097-03-14,-26749.82
p52,2097,2097-03-15,-26736.1
p52,2097,2097-03-16,-34937.1
p52,2097,2097-03-17,-36439.12
p52,2097,2097-03-18,-29780.46
p52,2097,2097-03-19,-31630.379999999997
p52,2097,2097-03-20,-31762.489999999998
p52,2097,2097-03-21,-31905.24
p52,2097,2097-03-22,-30934.690000000002
p52,2097,2097-03-23,-39159.27
p52,2097,2097-03-24,-39129.89
p52,2097,2097-03-25,-30655.95
p52,2097,2097-03-26,-32016.41
p52,2097,2097-03-27,-34870.1
p52,2097,2097-03-28,-33278.7
p52,2097,2097-03-29,-33841.66
p52,2097,2097-03-30,-40335.17
p52,2097,2097-03-31,-38721.740000000005
p52,2097,2097-04-01,-26485.0
p52,2097,2097-04-02,-27280.39
p52,2097,2097-04-03,-27891.55
p52,2097,2097-04-04,-25433.52
p52,2097,2097-04-05,-26363.670000000002
p52,2097,2097-04-06,-32284.38
p52,2097,2097-04-07,-33125.5
p52,2097,2097-04-08,-27535.2
p52,2097,2097-04-09,-28440.23
p52,2097,2097-04-10,-28764.14
p52,2097,2097-04-11,-26682.85
p52,2097,2097-04-12,-27454.82
p52,2097,2097-04-13,-37529.5
p52,2097,2097-04-14,-36509.08
p52,2097,2097-04-15,-29982.93
p52,2097,2097-04-16,-30655.470000000005
p52,2097,2097-04-17,-32894.89
p52,2097,2097-04-18,-30926.47
p52,2097,2097-04-19,-28948.5
p52,2097,2097-04-20,-35241.99
p52,2097,2097-04-21,-39273.39
p52,2097,2097-04-22,-33285.56
p52,2097,2097-04-23,-34347.92
p52,2097,2097-04-24,-34953.909999999996
p52,2097,2097-04-25,-36568.72
p52,2097,2097-04-26,-35362.88
p52,2097,2097-04-27,-40626.46
p52,2097,2097-04-28,-38654.39
p52,2097,2097-04-29,-38326.869999999995
p52,2097,2097-04-30,-37758.51
p52,2097,2097-05-01,-31517.77
p52,2097,2097-05-02,-30381.46
p52,2097,2097-05-03,-30490.379999999997
p52,2097,2097-05-04,-34685.55
p52,2097,2097-05-05,-35406.99999999999
p52,2097,2097-05-06,-32301.23
p52,2097,2097-05-07,-33493.5
p52,2097,2097-05-08,-33963.740000000005
p52,2097,2097-05-09,-34546.009999999995
p52,2097,2097-05-10,-34783.51
p52,2097,2097-05-11,-36999.89
p52,2097,2097-05-12,-36899.78
p52,2097,2097-05-13,-32418.83
p52,2097,2097-05-14,-32683.98
p52,2097,2097-05-15,-35363.450000000004
p52,2097,2097-05-16,-35656.380000000005
p52,2097,2097-05-17,-34150.0
p52,2097,2097-05-18,-39399.03
p52,2097,2097-05-19,-42051.31
p52,2097,2097-05-20,-40142.10999999999
p52,2097,2097-05-21,-35496.12
p52,2097,2097-05-22,-37407.49
p52,2097,2097-09-25,-6167.139999999999
p52,2097,2097-09-26,-3079.789999999999
p52,2097,2097-09-27,-2309.7
p52,2097,2097-09-28,-4191.719999999999
p52,2097,2097-09-29,-3694.38
p52,2097,2097-09-30,-2367.55
p52,2097,2097-10-01,7247.91
p52,2097,2097-10-02,7700.599999999999
p52,2097,2097-10-03,9494.240000000002
p52,2097,2097-10-04,8958.39
p52,2097,2097-10-05,9622.15
p52,2097,2097-10-06,9191.26
p52,2097,2097-10-07,9889.77
p52,2097,2097-10-08,10649.92
p52,2097,2097-10-09,10840.289999999999
p52,2097,2097-10-10,10451.4
p52,2097,2097-10-11,13434.34
p52,2097,2097-10-12,12658.79
p52,2097,2097-10-13,13020.59
p52,2097,2097-10-14,-9679.0
p52,2097,2097-10-15,15201.560000000001
p52,2097,2097-10-16,16478.3
p52,2097,2097-10-17,15868.59
p52,2097,2097-10-18,15909.03
p52,2097,2097-10-19,15432.0
p52,2097,2097-10-20,16666.82
p52,2097,2097-10-21,15863.93
p52,2097,2097-10-22,14046.03
p52,2097,2097-10-23,14991.29
p52,2097,2097-10-24,16687.42
p52,2097,2097-10-25,17114.52
p52,2097,2097-10-26,17208.34
p52,2097,2097-10-27,18332.49
p52,2097,2097-10-28,19939.43
p52,2097,2097-10-29,19071.84
p52,2097,2097-10-30,17590.46
p52,2097,2097-10-31,18665.11
p52,2097,2097-11-01,28007.93
p52,2097,2097-11-02,26661.339999999997
p52,2097,2097-11-03,27271.6
p52,2097,2097-11-04,28471.12
p52,2097,2097-11-05,28767.21
p52,2097,2097-11-06,30494.59
p52,2097,2097-11-07,29692.649999999998
p52,2097,2097-11-08,30340.14
p52,2097,2097-11-09,30537.11
p52,2097,2097-11-10,30212.5
p52,2097,2097-11-11,5467.280000000001
p52,2097,2097-11-12,30894.15
p52,2097,2097-11-13,33046.42
p52,2097,2097-11-14,32297.72
p52,2097,2097-11-15,31412.54
p52,2097,2097-11-16,30541.920000000002
p52,2097,2097-11-17,31610.940000000002
p52,2097,2097-11-18,33026.22
p52,2097,2097-11-19,34864.9
p52,2097,2097-11-20,35683.32
p52,2097,2097-11-21,35689.88
p52,2097,2097-11-22,36241.98
p52,2097,2097-11-23,35417.61
p52,2097,2097-11-24,35072.28
p52,2097,2097-11-25,35487.13
p52,2097,2097-11-26,36196.81
p52,2097,2097-11-27,37234.25
p52,2097,2097-11-28,14656.65
p52,2097,2097-11-29,38764.54
p52,2097,2097-11-30,38767.54
p52,2097,2097-12-01,45307.09
p52,2097,2097-12-02,44252.329999999994
p52,2097,2097-12-03,44973.03
p52,2097,2097-12-04,45029.15
p52,2097,2097-12-05,44519.92
p52,2097,2097-12-06,45304.12
p52,2097,2097-12-07,47543.63
p52,2097,2097-12-08,46513.87
p52,2097,2097-12-09,43408.979999999996
p52,2097,2097-12-10,44833.59
p52,2097,2097-12-11,45780.3
p52,2097,2097-12-12,46234.37
p52,2097,2097-12-13,46815.77
p52,2097,2097-12-14,49223.71
p52,2097,2097-12-15,50009.47
p52,2097,2097-12-16,48436.380000000005
p52,2097,2097-12-17,48518.21
p52,2097,2097-12-18,48362.88
p52,2097,2097-12-19,47707.24
p52,2097,2097-12-20,48933.590000000004
p52,2097,2097-12-21,50484.100000000006
p52,2097,2097-12-22,50943.700000000004
p52,2097,2097-12-23,50904.69
p52,2097,2097-12-24,51830.5
p52,2097,2097-12-25,29108.62
p52,2097,2097-12-26,50923.28999999999
p52,2097,2097-12-27,52687.49
p52,2097,2097-12-28,53263.66
p52,2097,2097-12-29,52247.630000000005
p52,2097,2097-12-30,51885.369999999995
p52,2097,2097-12-31,54241.79
p52,2098,2098-01-01,-32314.260000000002
p52,2098,2098-01-02,-17266.370000000003
p52,2098,2098-01-03,-16687.05
p52,2098,2098-01-04,-22133.08
p52,2098,2098-01-05,-22379.85
p52,2098,2098-01-06,-15426.539999999999
p52,2098,2098-01-07,-13840.089999999998
p52,2098,2098-01-08,-13211.899999999998
p52,2098,2098-01-09,-13608.22
p52,2098,2098-01-10,-14666.439999999999
p52,2098,2098-01-11,-22617.510000000002
p52,2098,2098-01-12,-22912.47
p52,2098,2098-01-13,-16389.9
p52,2098,2098-01-14,-15433.68
p52,2098,2098-01-15,-14338.16
p52,2098,2098-01-16,-14616.93
p52,2098,2098-01-17,-13385.489999999998
p52,2098,2098-01-18,-22130.06
p52,2098,2098-01-19,-23359.489999999998
p52,2098,2098-01-20,-33668.33
p52,2098,2098-01-21,-17437.5
p52,2098,2098-01-22,-18443.170000000002
p52,2098,2098-01-23,-16334.670000000002
p52,2098,2098-01-24,-14413.07
p52,2098,2098-01-25,-24166.59
p52,2098,2098-01-26,-25839.57
p52,2098,2098-01-27,-19615.82
p52,2098,2098-01-28,-17273.48
p52,2098,2098-01-29,-17780.199999999997
p52,2098,2098-01-30,-16691.1
p52,2098,2098-01-31,-16873.57
p52,2098,2098-02-01,-21462.83
p52,2098,2098-02-02,-21993.05
p52,2098,2098-02-03,-17492.06
p52,2098,2098-02-04,-17942.71
p52,2098,2098-02-05,-17856.09
p52,2098,2098-02-06,-17369.13
p52,2098,2098-02-07,-15383.79
p52,2098,2098-02-08,-21780.98
p52,2098,2098-02-09,-21532.39
p52,2098,2098-02-10,-15312.15
p52,2098,2098-02-11,-15726.380000000001
p52,2098,2098-02-12,-16008.36
p52,2098,2098-02-13,-16208.380000000001
p52,2098,2098-02-14,-15181.54
p52,2098,2098-02-15,-24145.43
p52,2098,2098-02-16,-23771.83
p52,2098,2098-02-17,-31378.93
p52,2098,2098-02-18,-15622.4
p52,2098,2098-02-19,-19881.449999999997
p52,2098,2098-02-20,-20681.11
p52,2098,2098-02-21,-17752.93
p52,2098,2098-02-22,-24623.33
p52,2098,2098-02-23,-25083.379999999997
p52,2098,2098-02-24,-18209.989999999998
p52,2098,2098-02-25,-16518.239999999998
p52,2098,2098-02-26,-18317.77
p52,2098,2098-02-27,-18930.85
p52,2098,2098-02-28,-21547.280000000002
p52,2098,2098-03-01,-25242.33
p52,2098,2098-03-02,-25925.02
p52,2098,2098-03-03,-18849.559999999998
p52,2098,2098-03-04,-19270.64
p52,2098,2098-03-05,-19020.300000000003
p52,2098,2098-03-06,-20054.97
p52,2098,2098-03-07,-23174.87
p52,2098,2098-03-08,-32347.85
p52,2098,2098-03-09,-32855.35
p52,2098,2098-03-10,-25583.159999999996
p52,2098,2098-03-11,-28498.39
p52,2098,2098-03-12,-28592.21
p52,2098,2098-03-13,-27833.0
p52,2098,2098-03-14,-28153.71
p52,2098,2098-03-15,-37205.55
p52,2098,2098-03-16,-37697.16
p52,2098,2098-03-17,-31803.050000000003
p52,2098,2098-03-18,-32180.700000000004
p52,2098,2098-03-19,-33358.87
p52,2098,2098-03-20,-30650.539999999997
p52,2098,2098-03-21,-30181.560000000005
p52,2098,2098-03-22,-38270.990000000005
p52,2098,2098-03-23,-40282.79
p52,2098,2098-03-24,-34526.08
p52,2098,2098-03-25,-33548.82
p52,2098,2098-03-26,-35481.439999999995
p52,2098,2098-03-27,-37062.05
p52,2098,2098-03-28,-34073.36
p52,2098,2098-03-29,-41164.740000000005
p52,2098,2098-03-30,-40787.74
p52,2098,2098-03-31,-33302.1
p52,2098,2098-04-01,-27898.710000000003
p52,2098,2098-04-02,-29390.86
p52,2098,2098-04-03,-30451.339999999997
p52,2098,2098-04-04,-28234.53
p52,2098,2098-04-05,-35245.09
p52,2098,2098-04-06,-33598.53
p52,2098,2098-04-07,-29150.590000000004
p52,2098,2098-04-08,-30384.31
p52,2098,2098-04-09,-31080.93
p52,2098,2098-04-10,-30670.18
p52,2098,2098-04-11,-28941.67
p52,2098,2098-04-12,-35683.490000000005
p52,2098,2098-04-13,-36949.700000000004
p52,2098,2098-04-14,-29344.350000000002
p52,2098,2098-04-15,-29874.73
p52,2098,2098-04-16,-31687.059999999998
p52,2098,2098-04-17,-34521.75
p52,2098,2098-04-18,-33445.05
p52,2098,2098-04-19,-38394.39
p52,2098,2098-04-20,-37662.81
p52,2098,2098-04-21,-35152.77
p52,2098,2098-04-22,-33528.78
p52,2098,2098-04-23,-34933.89
p52,2098,2098-04-24,-36116.33
p52,2098,2098-04-25,-37966.34
p52,2098,2098-04-26,-42786.21
p52,2098,2098-04-27,-42886.21
p52,2098,2098-04-28,-35589.119999999995
p52,2098,2098-04-29,-40242.47
p52,2098,2098-04-30,-39153.27
p52,2098,2098-05-01,-33530.14
p52,2098,2098-05-02,-33181.340000000004
p52,2098,2098-05-03,-38210.18
p52,2098,2098-05-04,-36672.39
p52,2098,2098-05-05,-33208.259999999995
p52,2098,2098-05-06,-33700.61
p52,2098,2098-05-07,-33287.689999999995
p52,2098,2098-05-08,-33310.53
p52,2098,2098-05-09,-34659.59
p52,2098,2098-05-10,-40347.2
p52,2098,2098-05-11,-38763.72
p52,2098,2098-05-12,-34891.76
p52,2098,2098-05-13,-34970.14
p52,2098,2098-05-14,-35165.119999999995
p52,2098,2098-05-15,-37046.29
p52,2098,2098-05-16,-36312.68
p52,2098,2098-05-17,-39854.08
p52,2098,2098-05-18,-40831.95
p52,2098,2098-05-19,-39790.44
p52,2098,2098-05-20,-41600.7
p52,2098,2098-05-21,-37970.21
p52,2098,2098-05-22,-40346.72
p52,2098,2098-05-23,-43253.38
p52,2098,2098-05-24,-46281.36
p52,2098,2098-09-25,-8359.57
p52,2098,2098-09-26,-5499.6500000000015
p52,2098,2098-09-27,-4648.6
p52,2098,2098-09-28,-4378.8099999999995
p52,2098,2098-09-29,-3209.6999999999994
p52,2098,2098-09-30,-2589.4799999999996
p52,2098,2098-10-01,5876.6
p52,2098,2098-10-02,5790.69
p52,2098,2098-10-03,6843.530000000001
p52,2098,2098-10-04,6161.74
p52,2098,2098-10-05,6680.83
p52,2098,2098-10-06,6499.08
p52,2098,2098-10-07,9168.380000000001
p52,2098,2098-10-08,9704.36
p52,2098,2098-10-09,9390.08
p52,2098,2098-10-10,8987.26
p52,2098,2098-10-11,11221.849999999999
p52,2098,2098-10-12,10325.25
p52,2098,2098-10-13,-12343.869999999999
p52,2098,2098-10-14,9943.16
p52,2098,2098-10-15,13622.27
p52,2098,2098-10-16,14296.39
p52,2098,2098-10-17,12810.78
p52,2098,2098-10-18,12281.52
p52,2098,2098-10-19,13423.369999999999
p52,2098,2098-10-20,14475.380000000001
p52,2098,2098-10-21,14177.36
p52,2098,2098-10-22,14471.79
p52,2098,2098-10-23,16049.27
p52,2098,2098-10-24,16764.37
p52,2098,2098-10-25,15271.27
p52,2098,2098-10-26,15294.849999999999
p52,2098,2098-10-27,15834.05
p52,2098,2098-10-28,16908.83
p52,2098,2098-10-29,16426.9
p52,2098,2098-10-30,16041.41
p52,2098,2098-10-31,18513.74
p52,2098,2098-11-01,26729.449999999997
p52,2098,2098-11-02,25526.14
p52,2098,2098-11-03,26033.18
p52,2098,2098-11-04,27178.93
p52,2098,2098-11-05,26363.559999999998
p52,2098,2098-11-06,27265.47
p52,2098,2098-11-07,27652.68
p52,2098,2098-11-08,28266.440000000002
p52,2098,2098-11-09,28480.55
p52,2098,2098-11-10,27137.86
p52,2098,2098-11-11,3235.96
p52,2098,2098-11-12,29067.44
p52,2098,2098-11-13,30315.03
p52,2098,2098-11-14,30882.75
p52,2098,2098-11-15,31356.8
p52,2098,2098-11-16,31913.28
p52,2098,2098-11-17,31813.04
p52,2098,2098-11-18,32547.28
p52,2098,2098-11-19,33124.9
p52,2098,2098-11-20,32505.980000000003
p52,2098,2098-11-21,32774.93
p52,2098,2098-11-22,32988.61
p52,2098,2098-11-23,34042.92
p52,2098,2098-11-24,35350.88
p52,2098,2098-11-25,36059.1
p52,2098,2098-11-26,35461.2
p52,2098,2098-11-27,12750.560000000001
p52,2098,2098-11-28,36394.39
p52,2098,2098-11-29,35877.98
p52,2098,2098-11-30,35150.38
p52,2098,2098-12-01,41490.39
p52,2098,2098-12-02,44019.880000000005
p52,2098,2098-12-03,43245.26
p52,2098,2098-12-04,41617.22
p52,2098,2098-12-05,42515.240000000005
p52,2098,2098-12-06,44313.89
p52,2098,2098-12-07,44563.83
p52,2098,2098-12-08,43176.350000000006
p52,2098,2098-12-09,45662.12
p52,2098,2098-12-10,46949.92
p52,2098,2098-12-11,45883.09
p52,2098,2098-12-12,45921.19
p52,2098,2098-12-13,45705.48
p52,2098,2098-12-14,45515.43
p52,2098,2098-12-15,45143.43
p52,2098,2098-12-16,46822.490000000005
p52,2098,2098-12-17,47664.490000000005
p52,2098,2098-12-18,48634.57
p52,2098,2098-12-19,48718.630000000005
p52,2098,2098-12-20,48893.92
p52,2098,2098-12-21,48839.07
p52,2098,2098-12-22,48003.979999999996
p52,2098,2098-12-23,48974.21
p52,2098,2098-12-24,48329.03
p52,2098,2098-12-25,26816.32
p52,2098,2098-12-26,50851.19
p52,2098,2098-12-27,51217.469999999994
p52,2098,2098-12-28,49248.24
p52,2098,2098-12-29,48639.380000000005
p52,2098,2098-12-30,50867.75
p52,2098,2098-12-31,51300.09
p52,2099,2099-01-01,-34070.04
p52,2099,2099-01-02,-14925.99
p52,2099,2099-01-03,-21955.300000000003
p52,2099,2099-01-04,-22399.85
p52,2099,2099-01-05,-17030.64
p52,2099,2099-01-06,-16945.8
p52,2099,2099-01-07,-17817.7
p52,2099,2099-01-08,-16937.81
p52,2099,2099-01-09,-15140.41
p52,2099,2099-01-10,-22674.64
p52,2099,2099-01-11,-22622.44
p52,2099,2099-01-12,-16156.259999999998
p52,2099,2099-01-13,-16689.94
p52,2099,2099-01-14,-17569.57
p52,2099,2099-01-15,-16614.64
p52,2099,2099-01-16,-17162.260000000002
p52,2099,2099-01-17,-24477.63
p52,2099,2099-01-18,-24709.510000000002
p52,2099,2099-01-19,-34433.29
p52,2099,2099-01-20,-18589.69
p52,2099,2099-01-21,-21163.64
p52,2099,2099-01-22,-20995.24
p52,2099,2099-01-23,-17844.69
p52,2099,2099-01-24,-24984.32
p52,2099,2099-01-25,-26140.609999999997
p52,2099,2099-01-26,-17621.38
p52,2099,2099-01-27,-17266.050000000003
p52,2099,2099-01-28,-17509.8
p52,2099,2099-01-29,-18620.16
p52,2099,2099-01-30,-18130.550000000003
p52,2099,2099-01-31,-28037.2
p52,2099,2099-02-01,-25518.05
p52,2099,2099-02-02,-18033.420000000002
p52,2099,2099-02-03,-17684.86
p52,2099,2099-02-04,-17768.81
p52,2099,2099-02-05,-17297.73
p52,2099,2099-02-06,-17583.98
p52,2099,2099-02-07,-24437.09
p52,2099,2099-02-08,-24264.18
p52,2099,2099-02-09,-18503.239999999998
p52,2099,2099-02-10,-18557.26
p52,2099,2099-02-11,-18115.74
p52,2099,2099-02-12,-16556.51
p52,2099,2099-02-13,-17609.4
p52,2099,2099-02-14,-25961.559999999998
p52,2099,2099-02-15,-27081.66
p52,2099,2099-02-16,-35809.32
p52,2099,2099-02-17,-17613.11
p52,2099,2099-02-18,-17288.06
p52,2099,2099-02-19,-17945.18
p52,2099,2099-02-20,-18135.1
p52,2099,2099-02-21,-24939.4
p52,2099,2099-02-22,-25699.36
p52,2099,2099-02-23,-20597.39
p52,2099,2099-02-24,-21379.48
p52,2099,2099-02-25,-20237.68
p52,2099,2099-02-26,-20191.91
p52,2099,2099-02-27,-19091.890000000003
p52,2099,2099-02-28,-28562.59
p52,2099,2099-03-01,-24958.129999999997
p52,2099,2099-03-02,-20169.75
p52,2099,2099-03-03,-20223.149999999998
p52,2099,2099-03-04,-21563.67
p52,2099,2099-03-05,-21797.800000000003
p52,2099,2099-03-06,-22971.329999999998
p52,2099,2099-03-07,-32445.51
p52,2099,2099-03-08,-33213.869999999995
p52,2099,2099-03-09,-28566.82
p52,2099,2099-03-10,-28452.48
p52,2099,2099-03-11,-31097.12
p52,2099,2099-03-12,-30454.41
p52,2099,2099-03-13,-30129.16
p52,2099,2099-03-14,-36753.619999999995
p52,2099,2099-03-15,-36120.259999999995
p52,2099,2099-03-16,-29608.239999999998
p52,2099,2099-03-17,-31573.0
p52,2099,2099-03-18,-33172.49
p52,2099,2099-03-19,-35040.81
p52,2099,2099-03-20,-33472.3
p52,2099,2099-03-21,-40451.15
p52,2099,2099-03-22,-40660.7
p52,2099,2099-03-23,-35193.35
p52,2099,2099-03-24,-34511.78
p52,2099,2099-03-25,-33838.020000000004
p52,2099,2099-03-26,-36582.63
p52,2099,2099-03-27,-38677.659999999996
p52,2099,2099-03-28,-42815.920000000006
p52,2099,2099-03-29,-43725.46
p52,2099,2099-03-30,-37964.49
p52,2099,2099-03-31,-35209.13
p52,2099,2099-04-01,-29087.55
p52,2099,2099-04-02,-31336.870000000003
p52,2099,2099-04-03,-33323.649999999994
p52,2099,2099-04-04,-37360.18
p52,2099,2099-04-05,-37209.24
p52,2099,2099-04-06,-30226.670000000002
p52,2099,2099-04-07,-30441.449999999997
p52,2099,2099-04-08,-29643.789999999997
p52,2099,2099-04-09,-29892.77
p52,2099,2099-04-10,-30542.16
p52,2099,2099-04-11,-36460.74
p52,2099,2099-04-12,-37529.33
p52,2099,2099-04-13,-34364.8
p52,2099,2099-04-14,-32059.520000000004
p52,2099,2099-04-15,-32171.6
p52,2099,2099-04-16,-32947.53
p52,2099,2099-04-17,-34638.43
p52,2099,2099-04-18,-39830.88
p52,2099,2099-04-19,-39544.05
p52,2099,2099-04-20,-33208.240000000005
p52,2099,2099-04-21,-36651.96
p52,2099,2099-04-22,-36106.89
p52,2099,2099-04-23,-37948.79
p52,2099,2099-04-24,-37964.62
p52,2099,2099-04-25,-44547.409999999996
p52,2099,2099-04-26,-44764.590000000004
p52,2099,2099-04-27,-40735.39
p52,2099,2099-04-28,-37741.93
p52,2099,2099-04-29,-42334.240000000005
p52,2099,2099-04-30,-41697.04
p52,2099,2099-05-01,-34922.03
p52,2099,2099-05-02,-37747.85
p52,2099,2099-05-03,-37534.29
p52,2099,2099-05-04,-32185.56
p52,2099,2099-05-05,-33832.68
p52,2099,2099-05-06,-35483.25
p52,2099,2099-05-07,-36018.119999999995
p52,2099,2099-05-08,-35931.28
p52,2099,2099-05-09,-41742.950000000004
p52,2099,2099-05-10,-42247.69
p52,2099,2099-05-11,-35028.3
p52,2099,2099-05-12,-35276.02
p52,2099,2099-05-13,-36426.51
p52,2099,2099-05-14,-36935.87
p52,2099,2099-05-15,-38516.39
p52,2099,2099-05-16,-43015.759999999995
p52,2099,2099-05-17,-42741.59
p52,2099,2099-05-18,-38815.33
p52,2099,2099-05-19,-40833.45
p52,2099,2099-05-20,-43755.91
p52,2099,2099-05-21,-41036.469999999994
p52,2099,2099-05-22,-42537.95
p52,2099,2099-05-23,-48850.68000000001
p52,2099,2099-05-24,-48757.07
p52,2099,2099-05-26,-43591.13
p52,2099,2099-05-27,-44438.07
p52,2099,2099-09-22,-9155.900000000001
p52,2099,2099-09-23,-8362.210000000001
p52,2099,2099-09-24,-7922.48
p52,2099,2099-09-25,-8564.509999999998
p52,2099,2099-09-26,-6747.0599999999995
p52,2099,2099-09-27,-6647.63
p52,2099,2099-09-28,-7654.869999999999
p52,2099,2099-09-29,-6145.11
p52,2099,2099-09-30,-5424.720000000001
p52,2099,2099-10-01,3864.38
p52,2099,2099-10-02,4996.69
p52,2099,2099-10-03,6190.13
p52,2099,2099-10-04,4652.22
p52,2099,2099-10-05,4054.19
p52,2099,2099-10-06,4933.44
p52,2099,2099-10-07,6492.849999999999
p52,2099,2099-10-08,6350.03
p52,2099,2099-10-09,7068.2
p52,2099,2099-10-10,7722.870000000001
p52,2099,2099-10-11,8984.68
p52,2099,2099-10-12,-15638.990000000002
p52,2099,2099-10-13,7060.889999999999
p52,2099,2099-10-14,7745.84
p52,2099,2099-10-15,10766.68
p52,2099,2099-10-16,12608.45
p52,2099,2099-10-17,12469.670000000002
p52,2099,2099-10-18,13034.65
p52,2099,2099-10-19,13339.989999999998
p52,2099,2099-10-20,13749.42
p52,2099,2099-10-21,12317.689999999999
p52,2099,2099-10-22,11382.09
p52,2099,2099-10-23,13064.8
p52,2099,2099-10-24,13343.220000000001
p52,2099,2099-10-25,13379.89
p52,2099,2099-10-26,14923.15
p52,2099,2099-10-27,15758.06
p52,2099,2099-10-28,15677.47
p52,2099,2099-10-29,14673.98
p52,2099,2099-10-30,14641.96
p52,2099,2099-10-31,15229.16
p52,2099,2099-11-01,23455.4
p52,2099,2099-11-02,23108.0
p52,2099,2099-11-03,25295.850000000002
p52,2099,2099-11-04,25248.739999999998
p52,2099,2099-11-05,22981.9
p52,2099,2099-11-06,25054.010000000002
p52,2099,2099-11-07,24969.03
p52,2099,2099-11-08,25356.0
p52,2099,2099-11-09,26936.76
p52,2099,2099-11-10,28516.34
p52,2099,2099-11-11,4480.57
p52,2099,2099-11-12,28880.73
p52,2099,2099-11-13,29812.55
p52,2099,2099-11-14,28061.05
p52,2099,2099-11-15,27975.7
p52,2099,2099-11-16,28944.46
p52,2099,2099-11-17,29952.08
p52,2099,2099-11-18,31316.51
p52,2099,2099-11-19,32862.57
p52,2099,2099-11-20,33019.47
p52,2099,2099-11-21,31281.589999999997
p52,2099,2099-11-22,31370.86
p52,2099,2099-11-23,32791.79
p52,2099,2099-11-24,33463.24
p52,2099,2099-11-25,32769.08
p52,2099,2099-11-26,9880.06
p52,2099,2099-11-27,35489.81
p52,2099,2099-11-28,34030.72
p52,2099,2099-11-29,31974.81
p52,2099,2099-11-30,32669.12
p52,2099,2099-12-01,40447.93
p52,2099,2099-12-02,41306.4
p52,2099,2099-12-03,41570.369999999995
p52,2099,2099-12-04,43796.79
p52,2099,2099-12-05,45066.32
p52,2099,2099-12-06,44039.73
p52,2099,2099-12-07,42257.729999999996
p52,2099,2099-12-08,41935.13
p52,2099,2099-12-09,42162.86
p52,2099,2099-12-10,43435.270000000004
p52,2099,2099-12-11,44289.38
p52,2099,2099-12-12,45518.3
p52,2099,2099-12-13,45498.32
p52,2099,2099-12-14,44316.05
p52,2099,2099-12-15,45169.21
p52,2099,2099-12-16,45334.409999999996
p52,2099,2099-12-17,45988.46
p52,2099,2099-12-18,46702.56999999999
p52,2099,2099-12-19,45800.7
p52,2099,2099-12-20,46077.76
p52,2099,2099-12-21,46844.0
p52,2099,2099-12-22,46802.2
p52,2099,2099-12-23,45268.479999999996
p52,2099,2099-12-24,45773.14
p52,2099,2099-12-25,25723.79
p52,2099,2099-12-26,48344.99
p52,2099,2099-12-27,49067.65
p52,2099,2099-12-28,50069.64000000001
p52,2099,2099-12-29,51515.28
p52,2099,2099-12-30,50901.16
p52,2099,2099-12-31,50511.82
