rb,Year,Date,Load_sum
p6,2020,2020-07-21,37997.4186158855
p6,2020,2020-07-27,37031.450139826935
p6,2020,2020-10-02,31507.421789871038
p6,2020,2020-10-03,28765.968340664527
p6,2021,2021-07-03,35142.11067994965
p6,2021,2021-07-04,32236.39223577913
p6,2021,2021-07-27,37642.665932233234
p6,2021,2021-08-06,37818.21970011338
p6,2021,2021-08-07,35958.809829336766
p6,2021,2021-08-08,35997.04255690438
p6,2021,2021-08-09,38746.640385913204
p6,2021,2021-08-10,37838.700027391045
p6,2021,2021-08-11,37628.21734304066
p6,2021,2021-08-16,36837.657193613
p6,2021,2021-09-06,30872.93197646305
p6,2021,2021-09-07,32929.247453423
p6,2021,2021-09-14,33332.069157058984
p6,2021,2021-09-15,33409.82801865884
p6,2021,2021-09-16,33550.14710406735
p6,2022,2022-08-07,35845.90549553843
p6,2022,2022-08-21,34372.84100328792
p6,2022,2022-08-22,37166.96713027052
p6,2022,2022-08-23,36770.54749583188
p6,2022,2022-08-24,37216.310095075234
p6,2022,2022-09-01,34396.351854893604
p6,2023,2023-05-27,32908.15940639112
p6,2023,2023-05-28,33211.87305837612
p6,2023,2023-08-06,36236.67854513655
p6,2023,2023-08-07,38500.09581988698
p6,2023,2023-08-13,35454.1649154939
p6,2024,2024-07-15,39708.475532922195
p6,2024,2024-07-16,40018.30946301225
p6,2024,2024-07-17,38874.785706511524
p6,2024,2024-08-08,38411.885928468095
p6,2025,2025-06-17,37708.884830532144
p6,2025,2025-06-18,39591.007796642254
p6,2025,2025-07-08,39526.06819374903
p6,2025,2025-07-09,39637.85986791485
p6,2025,2025-07-18,39823.05607094231
p6,2025,2025-07-19,37444.3572367617
p6,2025,2025-07-20,36911.86788513017
p6,2025,2025-07-26,36011.02391285249
p6,2025,2025-07-27,35226.056673900144
p6,2025,2025-07-28,38625.16149894037
p6,2025,2025-08-24,35620.03007859931
p6,2026,2026-05-30,35311.848638253454
p6,2026,2026-08-08,37485.57818956119
p6,2026,2026-08-09,36932.44660348387
p6,2026,2026-08-14,39916.270478325736
p6,2026,2026-08-26,38832.75291869077
p6,2026,2026-09-03,37265.326779348085
p6,2026,2026-09-04,37006.08650076771
p6,2026,2026-09-05,33849.3907629843
p6,2027,2027-05-06,35541.2142922062
p6,2027,2027-06-03,37523.0700466845
p6,2027,2027-06-25,38816.651298839606
p6,2027,2027-06-26,36826.23012111213
p6,2027,2027-07-13,40756.30126333407
p6,2027,2027-07-14,41126.09708804182
p6,2027,2027-07-15,39210.36564574722
p6,2027,2027-08-03,39581.54807306548
p6,2027,2027-08-04,40580.768651825274
p6,2027,2027-08-07,36425.31658324223
p6,2027,2027-08-08,36887.54217349188
p6,2027,2027-08-09,40433.73414048675
p6,2027,2027-08-29,36090.27939175578
p6,2027,2027-08-30,38901.70574194294
p6,2027,2027-08-31,38684.23693169272
p6,2027,2027-09-01,37269.060199584696
p6,2027,2027-09-02,36827.2773253799
p6,2027,2027-09-21,35174.150378583145
p6,2027,2027-09-22,35228.02539659881
p6,2027,2027-09-23,35232.75673210997
p6,2027,2027-09-29,34404.48571350366
p6,2027,2027-09-30,34718.66802231821
p6,2027,2027-10-06,33713.82659845888
p6,2028,2028-07-18,40714.5691274695
p6,2028,2028-07-19,41346.715687597716
p6,2028,2028-07-20,42579.664228981914
p6,2028,2028-07-21,41891.517126712235
p6,2028,2028-07-24,40948.8092973032
p6,2028,2028-07-25,41331.09229843537
p6,2028,2028-07-26,40451.03263543458
p6,2028,2028-08-04,40576.72950772607
p6,2028,2028-08-22,38449.079998360234
p6,2028,2028-08-23,39233.38663279012
p6,2028,2028-08-28,40004.628689977646
p6,2028,2028-09-01,37350.7389111144
p6,2028,2028-09-02,35337.42794282139
p6,2028,2028-09-03,35767.59539850861
p6,2028,2028-09-04,35880.887128291164
p6,2028,2028-09-05,38145.59544427186
p6,2028,2028-09-30,33525.88550690881
p6,2030,2030-06-21,41348.74448304746
p6,2030,2030-06-22,37327.404084904025
p6,2030,2030-07-10,43397.54222492797
p6,2030,2030-07-11,43516.341613801334
p6,2030,2030-07-12,43027.329966200734
p6,2030,2030-07-21,39905.48738346373
p6,2030,2030-07-29,42628.00966816835
p6,2030,2030-08-03,38660.41082456011
p6,2030,2030-08-04,39547.68206958377
p6,2030,2030-08-05,42349.163233713414
p6,2030,2030-08-06,42505.944954681094
p6,2030,2030-08-07,42288.06634039918
p6,2030,2030-08-08,41486.67316822842
p6,2030,2030-08-09,42021.6629372595
p6,2030,2030-08-10,39366.67253394787
p6,2030,2030-08-11,39412.55931520722
p6,2030,2030-08-12,42373.99807203455
p6,2030,2030-09-10,39636.28244686814
p6,2030,2030-09-21,32638.535210308222
p6,2031,2031-07-02,43770.114576863794
p6,2031,2031-07-03,44616.76737355996
p6,2031,2031-07-22,43426.39492566507
p6,2031,2031-09-03,39357.34754008284
p6,2031,2031-09-04,40389.0457278744
p6,2031,2031-09-05,39895.904111746946
p6,2031,2031-09-16,37606.317376275154
p6,2031,2031-09-17,38817.05368632683
p6,2031,2031-09-18,39636.417288865414
p6,2031,2031-09-24,37249.97220808659
p6,2031,2031-09-25,37863.14637705952
p6,2031,2031-09-30,37405.794533244894
p6,2031,2031-10-10,35675.31124351076
p6,2031,2031-10-14,35617.99699979657
p6,2032,2032-06-21,42311.599370180964
p6,2032,2032-06-22,42489.63522418692
p6,2032,2032-06-23,42941.256670809045
p6,2032,2032-07-16,43102.56005317305
p6,2032,2032-07-17,39698.88291467391
p6,2032,2032-07-29,42139.0204269578
p6,2032,2032-07-30,43604.419726673856
p6,2032,2032-08-10,41970.512435907505
p6,2032,2032-08-11,42634.87007865945
p6,2032,2032-08-12,42392.46027336968
p6,2032,2032-08-13,43543.40575436687
p6,2032,2032-08-14,40668.325472022094
p6,2032,2032-08-15,39344.900222368786
p6,2032,2032-08-18,42639.411783052754
p6,2032,2032-08-19,42188.1362688357
p6,2032,2032-08-26,38437.2084186201
p6,2032,2032-08-27,40072.84617248482
p6,2032,2032-09-21,40701.34021321622
p6,2032,2032-09-28,36652.90572119875
p6,2032,2032-09-29,36700.92809485931
p6,2033,2033-08-01,43858.363587671454
p6,2033,2033-08-02,44417.33295579071
p6,2033,2033-08-03,45364.948703083166
p6,2033,2033-09-08,41280.306858636715
p6,2033,2033-09-09,40259.24424564102
p6,2033,2033-09-10,37310.05586237621
p6,2034,2034-07-19,45272.21059793401
p6,2034,2034-07-20,45677.23330672405
p6,2034,2034-07-21,45101.625552278005
p6,2034,2034-07-22,40005.18115059252
p6,2034,2034-09-16,37329.41644847276
p6,2034,2034-09-21,39706.96279892357
p6,2034,2034-09-22,39149.065766651256
p6,2034,2034-09-26,39480.686244014636
p6,2035,2035-09-13,42281.91750856466
p6,2036,2036-07-13,44174.91743286488
p6,2036,2036-07-14,47627.0014640447
p6,2036,2036-07-22,46722.49866256955
p6,2036,2036-07-23,47716.88894624263
p6,2036,2036-07-25,47375.09138394786
p6,2036,2036-07-26,43654.35153749713
p6,2036,2036-07-27,42502.98039850567
p6,2036,2036-08-09,42662.76080663176
p6,2036,2036-08-10,42786.593574258506
p6,2036,2036-08-12,44828.36788172726
p6,2036,2036-08-13,45451.92030347681
p6,2036,2036-08-23,40683.25574136726
p6,2036,2036-08-24,41222.26046612414
p6,2036,2036-08-25,44458.361201609754
p6,2036,2036-08-29,44536.752642325875
p6,2036,2036-10-08,40179.4137329371
p6,2036,2036-10-09,39478.36551297747
p6,2038,2038-07-26,48307.606754171495
p6,2038,2038-07-27,48318.152851293235
p6,2038,2038-08-04,48236.66460385803
p6,2038,2038-08-05,47605.45368620328
p6,2038,2038-08-13,48067.94695405152
p6,2038,2038-08-31,46300.398924787994
p6,2038,2038-09-01,45194.0436398081
p6,2038,2038-09-02,45433.95546655077
p6,2038,2038-09-03,44692.39082746596
p6,2038,2038-09-04,42588.85485761285
p6,2039,2039-08-22,46195.435047704894
p6,2039,2039-08-26,46809.20385118698
p6,2039,2039-09-12,41008.86990310237
p6,2039,2039-09-13,41580.73136398216
p6,2040,2040-09-13,45059.537966682205
p6,2040,2040-09-14,43849.81560209104
p6,2041,2041-08-08,47684.20470266653
p6,2041,2041-08-09,47849.1428814865
p6,2041,2041-08-10,44538.07956085226
p6,2041,2041-09-30,41905.216338044214
p6,2041,2041-10-01,41245.16421220501
p6,2042,2042-07-09,48587.34227603155
p6,2042,2042-07-10,50928.096086056496
p6,2042,2042-07-12,47000.0564237456
p6,2042,2042-08-12,46789.38197112313
p6,2042,2042-08-13,48090.71452198932
p6,2042,2042-08-14,48743.04510475529
p6,2042,2042-08-15,47345.7720384094
p6,2042,2042-09-13,41430.52059693215
p6,2042,2042-09-22,42185.354385571394
p6,2042,2042-09-23,42652.279088821124
p6,2043,2043-06-28,43509.90868477138
p6,2043,2043-06-29,48104.55658182989
p6,2043,2043-07-21,52105.11017655011
p6,2043,2043-07-22,51988.476243642595
p6,2043,2043-07-27,49613.286478705646
p6,2043,2043-07-28,49695.808135079664
p6,2043,2043-07-29,50358.12211797125
p6,2043,2043-07-30,50387.7060893427
p6,2043,2043-07-31,50184.69953612119
p6,2043,2043-09-02,46096.23957147238
p6,2043,2043-09-03,45973.782114435286
p6,2043,2043-09-04,45489.18512827347
p6,2043,2043-09-22,43322.16473660686
p6,2043,2043-09-25,43021.867303403975
p6,2043,2043-09-26,40364.523116487064
p6,2043,2043-09-27,42282.78353597608
p6,2044,2044-07-23,47420.543744812734
p6,2044,2044-07-24,48021.179914008615
p6,2044,2044-08-08,48597.40661621124
p6,2044,2044-08-09,49727.43277776568
p6,2044,2044-08-11,50730.52327875142
p6,2044,2044-08-12,51211.45713338793
p6,2044,2044-08-13,47312.9430602591
p6,2044,2044-08-30,49556.65251575637
p6,2045,2045-07-17,52076.0311024403
p6,2045,2045-07-18,52939.67093374287
p6,2045,2045-07-21,51866.16593997467
p6,2045,2045-07-26,50477.66614413433
p6,2046,2046-06-25,51929.841133212845
p6,2046,2046-06-26,52055.246576088895
p6,2046,2046-07-20,51657.48441422324
p6,2046,2046-07-21,49711.21298794432
p6,2046,2046-07-22,48963.22038158371
p6,2046,2046-07-23,54513.39853672141
p6,2046,2046-07-24,53775.83971997214
p6,2046,2046-08-27,50641.02844808484
p6,2046,2046-08-28,50890.14648688817
p6,2046,2046-09-01,41569.47678794438
p6,2046,2046-09-02,42653.20155937173
p6,2047,2047-07-10,53714.23956035108
p6,2047,2047-07-11,53339.41116950031
p6,2047,2047-08-29,50352.62763592632
p6,2047,2047-08-30,50996.60978057422
p6,2048,2048-05-16,44911.832970239055
p6,2048,2048-08-14,53718.152617333624
p6,2048,2048-08-15,50027.054032167456
p6,2048,2048-08-16,50437.991222808516
p6,2048,2048-08-17,54042.10170693084
p6,2048,2048-09-14,47472.325169327865
p6,2048,2048-09-15,48290.26061312013
p6,2048,2048-09-16,47995.825564870225
p6,2048,2048-09-28,45741.7368581619
p6,2048,2048-09-29,46125.02866520612
p6,2049,2049-07-27,55794.13353643866
p6,2049,2049-07-28,56295.304064743075
p6,2049,2049-07-29,56379.23651580854
p6,2049,2049-07-30,55686.09492307594
p6,2049,2049-08-01,52130.0864947399
p6,2049,2049-08-18,51872.27742759151
p6,2049,2049-08-19,53091.57767036243
p6,2049,2049-08-20,53678.67376682682
p6,2049,2049-09-11,47197.01340070054
p6,2049,2049-09-12,48085.9591862235
p6,2049,2049-09-21,45739.82235276388
p6,2049,2049-09-22,46099.73447694568
p6,2049,2049-09-23,46871.69302101025
p6,2050,2050-08-16,55370.09630486305
p6,2050,2050-08-24,50292.229815368475
p6,2050,2050-08-25,52878.28877900596
p6,2050,2050-08-26,51872.104936158146
p6,2050,2050-09-30,50271.39476929536
p6,2051,2051-09-03,45487.352358163276
p6,2051,2051-09-07,51071.742042677724
p6,2051,2051-09-10,46841.06210719918
p6,2051,2051-09-11,50750.98039343005
p6,2052,2052-08-04,53114.9541542931
p6,2052,2052-08-05,57347.09026134005
p6,2052,2052-08-12,56717.12375434629
p6,2052,2052-08-13,57436.90051622011
p6,2052,2052-08-14,55456.26878040559
p6,2052,2052-08-15,57080.48776121669
p6,2052,2052-08-16,56839.89548561225
p6,2052,2052-09-13,48868.994552710006
p6,2053,2053-07-02,59800.49042886701
p6,2053,2053-07-25,56500.85240965254
p6,2053,2053-09-10,53133.93421156915
p6,2053,2053-09-11,53266.45546167159
p6,2054,2054-07-01,58595.81610655652
p6,2054,2054-07-15,59285.9739436418
p6,2054,2054-08-10,56776.64697281304
p6,2054,2054-08-11,56916.22831902627
p6,2054,2054-09-05,45963.76875648214
p6,2054,2054-09-12,46089.9582855996
p6,2054,2054-09-20,49615.27199741291
p6,2055,2055-06-26,54056.43920883571
p6,2055,2055-06-27,54985.46241970951
p6,2055,2055-07-01,60451.57995971809
p6,2055,2055-07-02,60852.16846016683
p6,2055,2055-07-29,56755.971277029945
p6,2055,2055-07-30,57775.83308191062
p6,2055,2055-07-31,54045.46342090107
p6,2055,2055-08-01,53891.68311953783
p6,2055,2055-08-18,55793.29878230701
p6,2055,2055-08-19,57454.24061021542
p6,2055,2055-09-10,53107.771242774215
p6,2055,2055-09-11,49604.445934799456
p6,2055,2055-09-12,50753.01937215931
p6,2056,2056-06-04,53691.9520204187
p6,2056,2056-08-12,54300.46076445216
p6,2056,2056-08-13,54587.1894865317
p6,2056,2056-08-18,58223.48125462064
p6,2056,2056-08-19,54983.5604900361
p6,2056,2056-08-20,55489.81116500794
p6,2056,2056-09-25,50992.77544286355
p6,2056,2056-09-26,53032.64562062651
p6,2057,2057-06-24,53951.69885690416
p6,2057,2057-06-25,60189.99935163616
p6,2057,2057-07-31,60932.21438098099
p6,2057,2057-08-01,61317.37864497457
p6,2057,2057-08-02,61150.475484357885
p6,2057,2057-08-03,62288.37813880408
p6,2057,2057-08-04,56908.132070527434
p6,2057,2057-08-26,52577.08162695896
p6,2057,2057-08-27,57510.2418242235
p6,2057,2057-08-28,58084.51957934607
p6,2057,2057-08-29,57031.80383579703
p6,2057,2057-09-01,52666.02766002089
p6,2057,2057-09-02,53378.75609296764
p6,2057,2057-09-03,53279.69879595418
p6,2057,2057-09-04,56210.755035029004
p6,2057,2057-09-05,56603.641173436394
p6,2057,2057-09-06,57969.69443564607
p6,2057,2057-09-11,55374.04184350513
p6,2057,2057-09-12,54595.14140922009
p6,2058,2058-07-12,61690.235675050484
p6,2058,2058-07-24,61956.4832110564
p6,2058,2058-07-26,60744.32561413484
p6,2058,2058-07-29,61292.721336008464
p6,2058,2058-07-30,61782.34113447328
p6,2058,2058-08-07,60713.72604566984
p6,2058,2058-08-08,61509.57604150385
p6,2058,2058-08-09,62157.41137542667
p6,2058,2058-08-10,56200.01283386837
p6,2058,2058-08-21,58886.221237099984
p6,2058,2058-09-26,51440.455141042505
p6,2058,2058-09-27,52292.930616459475
p6,2059,2059-06-11,60070.83054494479
p6,2059,2059-08-27,58841.33349163039
p6,2059,2059-08-28,61298.784327832
p6,2060,2060-07-20,65156.94536530923
p6,2060,2060-07-21,65965.03417784761
p6,2060,2060-07-22,64492.71476962931
p6,2060,2060-07-26,63938.406638964036
p6,2060,2060-07-27,64426.27863025433
p6,2060,2060-07-28,64298.42180769683
p6,2060,2060-07-30,63380.948911639614
p6,2060,2060-08-10,63516.88108142612
p6,2060,2060-09-05,54776.865286991735
p6,2060,2060-09-09,57324.11966586104
p6,2060,2060-09-25,50533.139695286685
p6,2060,2060-10-02,51100.88888734684
p6,2060,2060-10-03,49983.794222581935
p6,2060,2060-10-04,54188.698039660856
p6,2060,2060-10-05,54837.57752621499
p6,2061,2061-07-02,58707.46960371106
p6,2061,2061-07-03,61028.49539717411
p6,2061,2061-07-04,59568.99239264842
p6,2061,2061-07-26,65559.36431326708
p6,2061,2061-07-27,65940.24233542263
p6,2061,2061-07-28,65054.75429939583
p6,2061,2061-08-06,61403.974457553435
p6,2061,2061-08-07,62443.698663693736
p6,2061,2061-08-08,66698.86808738124
p6,2061,2061-08-09,66487.72985627531
p6,2061,2061-08-10,65839.15063354379
p6,2061,2061-08-11,65380.5964358454
p6,2061,2061-08-12,65374.774074990935
p6,2061,2061-08-14,60164.070620038605
p6,2061,2061-08-16,63698.567379040374
p6,2061,2061-08-17,63688.136862272404
p6,2061,2061-08-22,61662.42975003077
p6,2061,2061-09-06,58729.153167452794
p6,2061,2061-09-07,57950.18357146119
p6,2061,2061-09-08,59985.541182040855
p6,2061,2061-09-11,55395.02649494675
p6,2061,2061-09-12,58996.99345064862
p6,2061,2061-09-14,58076.13295132228
p6,2061,2061-09-15,58353.96203649725
p6,2061,2061-09-16,58895.131633667406
p6,2062,2062-08-06,60792.16981351348
p6,2062,2062-08-07,67039.76826061704
p6,2062,2062-08-08,65123.708291855
p6,2062,2062-08-19,58884.55142810649
p6,2062,2062-08-20,57525.47444884051
p6,2062,2062-08-21,64465.17343228355
p6,2062,2062-08-22,65064.85333291586
p6,2062,2062-08-23,64274.99261144894
p6,2062,2062-08-24,65250.80229820723
p6,2062,2062-08-25,64902.78240822848
p6,2062,2062-09-01,60575.426994691785
p6,2062,2062-09-02,55551.95050471012
p6,2063,2063-05-27,56897.23034740796
p6,2063,2063-05-28,56599.68525892915
p6,2063,2063-07-30,68258.69767103867
p6,2063,2063-08-06,67846.50534760306
p6,2063,2063-08-07,67754.01072022616
p6,2063,2063-08-12,61148.96768602403
p6,2063,2063-08-13,66554.77298111824
p6,2063,2063-08-14,65517.124458049184
p6,2064,2064-07-03,67353.96565227419
p6,2064,2064-07-04,60280.54072270442
p6,2064,2064-07-05,62393.127229544254
p6,2064,2064-07-14,67307.00409846171
p6,2064,2064-07-15,68702.81871490451
p6,2064,2064-07-16,69171.31010607345
p6,2064,2064-07-17,67929.75860094042
p6,2064,2064-07-30,66343.29909971547
p6,2064,2064-07-31,67486.02411391564
p6,2064,2064-08-07,64863.20262054826
p6,2064,2064-08-08,66949.4307447355
p6,2064,2064-08-09,64344.17794709841
p6,2064,2064-08-10,63082.325861650635
p6,2064,2064-08-26,65535.92635047468
p6,2064,2064-08-29,64209.711625627955
p6,2064,2064-09-02,60719.97760902112
p6,2064,2064-09-17,62119.59530382479
p6,2064,2064-09-18,61858.72693748836
p6,2064,2064-09-19,63169.57297275848
p6,2065,2065-06-17,64884.848553036434
p6,2065,2065-06-18,68119.18964041777
p6,2065,2065-06-19,60860.36808168283
p6,2065,2065-07-01,65418.20449024323
p6,2065,2065-07-02,66666.8882773098
p6,2065,2065-07-08,68443.33762299974
p6,2065,2065-07-09,68515.19456908267
p6,2065,2065-07-10,68221.6232338238
p6,2065,2065-07-18,63442.398795044886
p6,2065,2065-07-19,64767.41012350007
p6,2065,2065-07-20,68764.29026253692
p6,2065,2065-07-25,61564.45793136636
p6,2065,2065-07-26,61861.85416066209
p6,2065,2065-07-27,66589.5852529381
p6,2065,2065-07-28,67147.520762778
p6,2065,2065-08-14,67747.51869608657
p6,2065,2065-08-16,62462.35358244821
p6,2065,2065-08-23,60895.16528553883
p6,2065,2065-08-24,67348.84062437723
p6,2065,2065-08-25,67521.0074033716
p6,2066,2066-05-30,60953.46093278044
p6,2066,2066-05-31,60012.27163999788
p6,2066,2066-06-10,64620.54771773521
p6,2066,2066-06-11,66918.84379012212
p6,2066,2066-06-13,60645.88583524786
p6,2066,2066-08-01,64009.20670855212
p6,2066,2066-08-02,69790.6538572563
p6,2066,2066-08-06,68365.7043011322
p6,2066,2066-08-07,64702.359991624275
p6,2066,2066-08-08,64627.70536889213
p6,2066,2066-08-09,69077.51531769568
p6,2066,2066-08-10,67971.3491277726
p6,2066,2066-08-13,68989.24697016185
p6,2066,2066-08-14,65109.18705764181
p6,2066,2066-08-15,64168.280063896316
p6,2066,2066-08-16,65340.36099028988
p6,2066,2066-08-18,66743.55495100818
p6,2066,2066-08-20,65214.59230160086
p6,2066,2066-08-25,67666.0813176926
p6,2066,2066-08-26,67763.81079418657
p6,2066,2066-08-27,67271.39014916503
p6,2066,2066-09-03,65644.12284007212
p6,2066,2066-09-04,60902.7176590372
p6,2066,2066-09-05,59403.76137788982
p6,2066,2066-09-06,59031.1221674166
p6,2067,2067-05-06,61351.177495472104
p6,2067,2067-05-07,56083.52865659381
p6,2067,2067-06-03,64721.49157384874
p6,2067,2067-06-04,59881.402334520964
p6,2067,2067-06-13,66870.37278132234
p6,2067,2067-06-14,66958.88744750698
p6,2067,2067-06-25,61243.15939408656
p6,2067,2067-06-26,63499.09452500279
p6,2067,2067-06-29,68635.69345241411
p6,2067,2067-06-30,69031.52780509357
p6,2067,2067-07-13,70489.00900430433
p6,2067,2067-07-14,71030.75194880471
p6,2067,2067-07-15,67818.64330522492
p6,2067,2067-08-03,68887.19914721021
p6,2067,2067-08-04,70431.55558130302
p6,2067,2067-08-05,68908.08486148158
p6,2067,2067-08-07,64187.722747375556
p6,2067,2067-08-08,69772.70774058811
p6,2067,2067-08-09,70200.95132302321
p6,2067,2067-08-27,63226.51164977054
p6,2067,2067-08-28,64124.823775456316
p6,2067,2067-08-29,68140.7035157335
p6,2067,2067-08-30,67321.39077165458
p6,2067,2067-08-31,66750.67845406095
p6,2067,2067-09-01,64981.56809430334
p6,2067,2067-09-02,64922.6512812983
p6,2067,2067-09-05,57873.15044740359
p6,2067,2067-09-09,63417.890926537315
p6,2067,2067-09-10,58721.93552718377
p6,2067,2067-09-20,61205.622799561286
p6,2067,2067-09-21,61732.92502396225
p6,2067,2067-09-22,61774.221635834416
p6,2067,2067-09-23,62070.33257982365
p6,2067,2067-09-28,58985.770469233124
p6,2067,2067-09-29,59680.6284796876
p6,2067,2067-09-30,60265.89701855802
p6,2067,2067-10-01,54193.39057876011
p6,2067,2067-10-05,57801.21123282994
p6,2067,2067-10-06,57953.56065384802
p6,2067,2067-10-07,58162.226096379374
p6,2068,2068-07-18,70638.59457700816
p6,2068,2068-07-19,71572.87850584944
p6,2068,2068-07-20,73576.74570599693
p6,2068,2068-07-21,67032.07735659105
p6,2068,2068-07-24,71090.46857134893
p6,2068,2068-07-25,71391.50296185244
p6,2068,2068-07-26,70513.68890467842
p6,2068,2068-07-27,71005.63432886035
p6,2068,2068-07-29,65300.3959091959
p6,2068,2068-07-30,70564.378058623
p6,2068,2068-08-03,69222.0821057604
p6,2068,2068-08-04,65528.54075709417
p6,2068,2068-08-05,64845.65304644945
p6,2068,2068-08-09,68461.94572207534
p6,2068,2068-08-22,67213.2973520257
p6,2068,2068-08-23,68554.26782641877
p6,2068,2068-08-24,67627.88721883953
p6,2068,2068-08-27,67603.11970579402
p6,2068,2068-08-28,69942.8475465145
p6,2068,2068-08-29,69854.45497741443
p6,2068,2068-09-01,60828.14246767045
p6,2068,2068-09-02,61647.72524457172
p6,2068,2068-09-03,62223.13652792386
p6,2068,2068-09-04,67514.5862392483
p6,2068,2068-09-05,66373.54783401346
p6,2068,2068-09-06,64722.855757774065
p6,2068,2068-09-29,56749.03934591035
p6,2068,2068-09-30,58784.92579866978
p6,2068,2068-10-01,60429.3857843933
p6,2068,2068-10-09,60118.52742054824
p6,2069,2069-08-05,71860.32736110936
p6,2069,2069-08-06,72695.26592096465
p6,2069,2069-08-07,72856.02081633921
p6,2069,2069-09-13,60314.520860628574
p6,2069,2069-09-14,56490.20027065044
p6,2069,2069-09-22,58407.72647597679
p6,2069,2069-09-23,64252.29234670839
p6,2070,2070-06-21,66006.93552060632
p6,2070,2070-06-22,65114.496946387124
p6,2070,2070-07-10,75087.66425832621
p6,2070,2070-07-11,75653.74651954058
p6,2070,2070-07-12,68686.35847098542
p6,2070,2070-07-13,69423.71861196325
p6,2070,2070-07-14,73487.92077376324
p6,2070,2070-07-15,73369.90702761822
p6,2070,2070-07-16,72919.70681466197
p6,2070,2070-07-18,73690.18904000733
p6,2070,2070-07-19,68015.96449418658
p6,2070,2070-07-20,68196.03971753325
p6,2070,2070-07-21,74405.09440386792
p6,2070,2070-07-22,73849.58922646056
p6,2070,2070-07-28,72090.54302384089
p6,2070,2070-07-29,73371.17960056354
p6,2070,2070-07-30,74027.20271165764
p6,2070,2070-08-03,67540.92624141494
p6,2070,2070-08-04,74155.11129417823
p6,2070,2070-08-05,73243.19749278878
p6,2070,2070-08-06,73870.44825419404
p6,2070,2070-08-07,73689.95697407525
p6,2070,2070-08-08,72078.40024802531
p6,2070,2070-08-09,67989.298629706
p6,2070,2070-08-10,68381.19686937839
p6,2070,2070-08-11,73292.63686378802
p6,2070,2070-08-12,72805.96210166014
p6,2070,2070-09-10,70103.64205715431
p6,2070,2070-09-21,56788.84008316003
p6,2070,2070-09-22,63682.111336099304
p6,2071,2071-07-02,75778.6108586026
p6,2071,2071-07-03,69588.32897024977
p6,2071,2071-07-22,75239.23537723107
p6,2071,2071-07-23,75330.9368570257
p6,2071,2071-07-28,75133.72174019973
p6,2071,2071-07-29,75441.28082962357
p6,2071,2071-07-30,75120.88064406163
p6,2071,2071-07-31,74497.42453351208
p6,2071,2071-08-14,72590.12030319574
p6,2071,2071-08-19,74693.44555304176
p6,2071,2071-08-20,74058.4650695913
p6,2071,2071-08-21,72924.09313312516
p6,2071,2071-09-03,69128.4171135085
p6,2071,2071-09-04,71022.0509630489
p6,2071,2071-09-05,65576.46419699941
p6,2071,2071-09-06,65082.61960920854
p6,2071,2071-09-15,62985.52247096897
p6,2071,2071-09-16,65326.64022084977
p6,2071,2071-09-17,67680.8182271265
p6,2071,2071-09-18,68928.93748599078
p6,2071,2071-09-19,64068.36366503524
p6,2071,2071-09-24,64871.75143166526
p6,2071,2071-09-25,66003.19705857766
p6,2071,2071-09-26,62326.26256822491
p6,2071,2071-09-30,65634.30354764829
p6,2071,2071-10-01,63257.148723748935
p6,2071,2071-10-04,55761.22381209835
p6,2071,2071-10-09,62232.12629940981
p6,2071,2071-10-10,57071.22964633019
p6,2071,2071-10-11,57497.143078751
p6,2071,2071-10-14,61326.941657635456
p6,2071,2071-10-15,61643.99469319138
p6,2072,2072-05-05,65390.87667392848
p6,2072,2072-06-21,72574.26819120723
p6,2072,2072-06-22,73426.41783158592
p6,2072,2072-06-23,73899.3839223884
p6,2072,2072-07-16,68508.83748502885
p6,2072,2072-07-17,69164.12474229957
p6,2072,2072-07-18,74983.28573557205
p6,2072,2072-07-26,74376.54565355234
p6,2072,2072-07-27,74387.55241465573
p6,2072,2072-07-28,73283.20141499552
p6,2072,2072-07-29,72882.60014152317
p6,2072,2072-07-30,69146.02494053145
p6,2072,2072-07-31,69294.56455919161
p6,2072,2072-08-02,74104.28078209395
p6,2072,2072-08-09,71623.25937779434
p6,2072,2072-08-10,73084.10228152684
p6,2072,2072-08-11,74011.1660054543
p6,2072,2072-08-12,73554.02351775901
p6,2072,2072-08-13,69672.85277772942
p6,2072,2072-08-14,70344.44422990765
p6,2072,2072-08-15,73261.76264125713
p6,2072,2072-08-16,72307.0994014821
p6,2072,2072-08-17,73529.81633122134
p6,2072,2072-08-18,74481.79940570267
p6,2072,2072-08-19,73517.83529207508
p6,2072,2072-08-25,66021.70765027827
p6,2072,2072-08-26,66538.87423001956
p6,2072,2072-08-27,64316.84516846022
p6,2072,2072-08-28,65775.22481505021
p6,2072,2072-09-09,68472.51614781049
p6,2072,2072-09-10,61519.643727624665
p6,2072,2072-09-21,71443.3063445908
p6,2072,2072-09-22,68353.96690791952
p6,2072,2072-09-28,63422.19670538778
p6,2072,2072-09-29,63378.10440778473
p6,2073,2073-07-31,74597.02700544236
p6,2073,2073-08-01,76544.03890184172
p6,2073,2073-08-02,77528.74106478035
p6,2073,2073-08-03,78556.50336763584
p6,2073,2073-08-04,77999.31540891078
p6,2073,2073-08-05,71789.39881754931
p6,2073,2073-08-30,69722.73260516452
p6,2073,2073-09-07,72548.52237763592
p6,2073,2073-09-08,71799.07475742353
p6,2073,2073-09-09,64607.913328237235
p6,2073,2073-09-10,64548.74009798171
p6,2073,2073-09-26,66984.38827016413
p6,2073,2073-09-29,66943.82921480254
p6,2074,2074-07-19,78301.4292701593
p6,2074,2074-07-20,78643.42739684599
p6,2074,2074-07-21,72443.59752973432
p6,2074,2074-07-22,69077.07891003693
p6,2074,2074-07-23,76683.85790731836
p6,2074,2074-07-27,76764.99591667412
p6,2074,2074-09-05,68510.49237655883
p6,2074,2074-09-16,65813.14171869244
p6,2074,2074-09-18,70062.15696252955
p6,2074,2074-09-21,68777.6942040143
p6,2074,2074-09-22,62476.32307122796
p6,2074,2074-09-23,62544.46197129451
p6,2074,2074-09-25,68635.03932421142
p6,2074,2074-09-26,68332.76898356395
p6,2074,2074-09-27,67636.74122502368
p6,2075,2075-06-28,73623.50773880102
p6,2075,2075-06-29,67143.99701945766
p6,2075,2075-07-16,78799.33591372782
p6,2075,2075-07-17,80760.1622632416
p6,2075,2075-07-18,79945.86629548018
p6,2075,2075-07-31,74290.39516443612
p6,2075,2075-08-20,76140.79692391981
p6,2075,2075-09-12,72923.05048869384
p6,2075,2075-09-13,73360.14938735527
p6,2075,2075-09-14,68933.4690836245
p6,2075,2075-09-21,61130.585070625195
p6,2076,2076-07-12,74980.80829180025
p6,2076,2076-07-13,82233.15230813406
p6,2076,2076-07-14,82269.81143346684
p6,2076,2076-07-15,80081.41903168139
p6,2076,2076-07-22,80831.40176742888
p6,2076,2076-07-23,82391.69898070056
p6,2076,2076-07-24,81973.26176969099
p6,2076,2076-07-25,75605.44751525443
p6,2076,2076-07-26,75289.3429750047
p6,2076,2076-07-27,79834.91203897502
p6,2076,2076-07-28,77986.41375656982
p6,2076,2076-07-29,79547.1412192424
p6,2076,2076-07-30,79882.44622882747
p6,2076,2076-08-07,77114.68526266846
p6,2076,2076-08-08,73918.87314652307
p6,2076,2076-08-09,73567.65233514553
p6,2076,2076-08-10,79382.36912584782
p6,2076,2076-08-11,77068.05667974088
p6,2076,2076-08-12,78541.94305491463
p6,2076,2076-08-13,78558.32472564963
p6,2076,2076-08-14,77738.55249257598
p6,2076,2076-08-22,69147.34942774598
p6,2076,2076-08-23,70041.30090674263
p6,2076,2076-08-24,76778.0540030056
p6,2076,2076-08-25,76037.63823011026
p6,2076,2076-08-28,74600.05448040715
p6,2076,2076-08-29,71796.81129516824
p6,2076,2076-08-30,72459.9622061622
p6,2076,2076-09-10,72577.03061740368
p6,2076,2076-10-08,70149.95587372463
p6,2076,2076-10-09,69107.48413328407
p6,2077,2077-08-05,82393.35158758734
p6,2077,2077-08-06,82105.75059994232
p6,2077,2077-08-12,79213.04879798563
p6,2077,2077-08-13,78918.0608824612
p6,2077,2077-08-14,73761.29149099032
p6,2077,2077-08-15,73457.3803945397
p6,2077,2077-08-19,79651.05849540941
p6,2077,2077-09-23,72160.37928103526
p6,2077,2077-09-24,72914.80804360483
p6,2078,2078-07-25,82989.608780942
p6,2078,2078-07-26,83679.08308626297
p6,2078,2078-07-27,83290.28647526604
p6,2078,2078-07-28,83370.53381412271
p6,2078,2078-08-03,81072.7173298361
p6,2078,2078-08-04,83347.2943855756
p6,2078,2078-08-05,82447.8586828121
p6,2078,2078-08-12,82087.22590006236
p6,2078,2078-08-13,77710.95882711608
p6,2078,2078-08-14,78154.60962978171
p6,2078,2078-08-27,71884.07694501172
p6,2078,2078-08-28,72314.73714843586
p6,2078,2078-08-30,79557.63567804158
p6,2078,2078-08-31,79984.17428749231
p6,2078,2078-09-01,78483.31916670795
p6,2078,2078-09-02,79139.24571390265
p6,2078,2078-09-03,72561.96685228735
p6,2078,2078-09-04,74388.94665397676
p6,2078,2078-09-05,71847.33070052584
p6,2078,2078-09-06,73644.76616281367
p6,2078,2078-09-14,76224.08357105078
p6,2079,2079-07-12,82349.5290719584
p6,2079,2079-08-22,80844.72391017083
p6,2079,2079-08-23,80411.30339580073
p6,2079,2079-08-25,80746.37610649144
p6,2079,2079-08-26,75512.9326148756
p6,2079,2079-08-27,74066.46218944147
p6,2079,2079-09-08,71844.18045630553
p6,2079,2079-09-12,70860.11727906254
p6,2079,2079-09-13,71731.92885953715
p6,2079,2079-09-14,73658.98709551734
p6,2079,2079-09-18,73834.16845066009
p6,2079,2079-09-21,75221.51942745438
p6,2079,2079-09-22,75439.15623976717
p6,2080,2080-06-27,80837.74058253155
p6,2080,2080-06-28,82042.40537446835
p6,2080,2080-08-04,75540.7262961353
p6,2080,2080-08-05,82728.42777453588
p6,2080,2080-08-07,83482.96275801903
p6,2080,2080-08-08,83072.18670360575
p6,2080,2080-09-12,80695.44265686841
p6,2080,2080-09-13,78898.73040911875
p6,2080,2080-09-14,71267.3192609273
p6,2081,2081-05-22,74117.40483280653
p6,2081,2081-07-09,84108.54757953627
p6,2081,2081-08-08,83057.36381560801
p6,2081,2081-08-09,76962.02826534616
p6,2081,2081-08-10,77029.44100871524
p6,2081,2081-08-11,83308.47668354843
p6,2081,2081-08-12,83008.52319684497
p6,2081,2081-08-13,83223.93571363419
p6,2081,2081-08-14,83054.40847961743
p6,2081,2081-09-08,72518.09830080764
p6,2081,2081-09-09,72624.55162041236
p6,2081,2081-09-11,76365.19327327299
p6,2081,2081-09-22,73056.01700516326
p6,2081,2081-09-30,72903.16204271834
p6,2081,2081-10-01,71443.43863381249
p6,2082,2082-07-09,84129.24663333394
p6,2082,2082-07-10,87850.80523597583
p6,2082,2082-07-11,81289.34910388832
p6,2082,2082-07-12,81069.78303527327
p6,2082,2082-07-13,86564.97342091033
p6,2082,2082-07-21,85735.99394445463
p6,2082,2082-07-29,86438.45779022311
p6,2082,2082-07-30,86241.20696232186
p6,2082,2082-08-09,74398.98067641731
p6,2082,2082-08-10,84855.3301455901
p6,2082,2082-08-11,82968.41009256402
p6,2082,2082-08-12,80687.64764489698
p6,2082,2082-08-13,83226.47398445278
p6,2082,2082-08-14,84356.09699904664
p6,2082,2082-08-15,75701.00740459388
p6,2082,2082-08-16,74166.17753583944
p6,2082,2082-08-17,80820.35670792605
p6,2082,2082-08-28,83893.59968423162
p6,2082,2082-08-29,77971.30505737358
p6,2082,2082-09-01,78763.53571256036
p6,2082,2082-09-02,81609.34708144772
p6,2082,2082-09-11,78128.39609383342
p6,2082,2082-09-12,73462.17872592827
p6,2082,2082-09-13,72634.15750154816
p6,2082,2082-09-21,71891.97047271162
p6,2082,2082-09-22,72962.8668062999
p6,2082,2082-09-23,73882.0674426054
p6,2082,2082-09-24,73923.95863624821
p6,2083,2083-06-05,72592.27734352907
p6,2083,2083-06-06,77089.25522247693
p6,2083,2083-06-27,77863.47319456989
p6,2083,2083-06-28,82163.81570888324
p6,2083,2083-06-29,83049.51777879358
p6,2083,2083-07-19,87811.58623127032
p6,2083,2083-07-20,87141.263867122
p6,2083,2083-07-21,90288.39091117277
p6,2083,2083-07-22,90059.41764783845
p6,2083,2083-07-23,87542.66516797969
p6,2083,2083-07-27,86263.63689695936
p6,2083,2083-07-28,86540.68572350145
p6,2083,2083-07-29,86953.18754500616
p6,2083,2083-07-30,87120.42629890148
p6,2083,2083-07-31,80215.19672800231
p6,2083,2083-08-14,77569.10652925227
p6,2083,2083-08-15,76893.53320720856
p6,2083,2083-08-17,85255.85995894915
p6,2083,2083-08-18,87054.13684421493
p6,2083,2083-08-19,85693.83960735935
p6,2083,2083-08-20,82351.41220593874
p6,2083,2083-08-25,82897.64220164514
p6,2083,2083-08-30,82142.19318284087
p6,2083,2083-09-01,80053.643213707
p6,2083,2083-09-02,80100.35485953694
p6,2083,2083-09-03,79754.88206646706
p6,2083,2083-09-04,74559.26801836271
p6,2083,2083-09-05,76763.5853196665
p6,2083,2083-09-22,74930.05048366883
p6,2083,2083-09-23,76427.66346397054
p6,2083,2083-09-24,75717.22534311349
p6,2083,2083-09-25,68791.76194171865
p6,2083,2083-09-26,69874.42960913885
p6,2083,2083-09-27,79371.81584709304
p6,2083,2083-09-28,78283.6395016017
p6,2084,2084-07-22,82273.51266490968
p6,2084,2084-07-23,82215.02556869919
p6,2084,2084-07-24,90610.4081366793
p6,2084,2084-07-25,89271.03156337261
p6,2084,2084-07-27,86716.9217037424
p6,2084,2084-08-08,84789.6641941402
p6,2084,2084-08-09,86065.53006422891
p6,2084,2084-08-10,87515.16134958742
p6,2084,2084-08-11,88316.6422641917
p6,2084,2084-08-12,83047.43777161199
p6,2084,2084-08-13,82004.15616872675
p6,2084,2084-08-14,86784.8283826613
p6,2084,2084-08-18,88940.37224864813
p6,2084,2084-08-19,83050.75427236239
p6,2084,2084-08-20,80674.31331948844
p6,2084,2084-08-29,87147.45136316199
p6,2084,2084-08-30,87124.09837278433
p6,2084,2084-08-31,87208.2171023477
p6,2085,2085-07-17,90850.39614906072
p6,2085,2085-07-18,91708.65216467087
p6,2085,2085-07-19,91365.19500441804
p6,2085,2085-07-21,82950.00010426721
p6,2085,2085-07-26,87798.3643335915
p6,2085,2085-07-27,90624.79223712008
p6,2085,2085-07-30,90371.17583320299
p6,2085,2085-08-04,83501.11361981386
p6,2085,2085-08-05,84638.68376995887
p6,2085,2085-08-13,88392.22163705982
p6,2085,2085-08-14,87628.89999248908
p6,2086,2086-05-15,80219.22424508366
p6,2086,2086-06-24,86236.05923918339
p6,2086,2086-06-25,89757.72651470336
p6,2086,2086-06-26,90117.84680016799
p6,2086,2086-06-27,89874.8441895542
p6,2086,2086-07-20,82997.08597697283
p6,2086,2086-07-21,84936.47553110683
p6,2086,2086-07-22,92773.19858159142
p6,2086,2086-07-23,94337.3259595007
p6,2086,2086-07-24,92971.99860563419
p6,2086,2086-07-25,90363.18893137698
p6,2086,2086-07-26,91077.50538171013
p6,2086,2086-07-27,84785.8363910069
p6,2086,2086-08-18,79321.51717686586
p6,2086,2086-08-19,86487.8195039453
p6,2086,2086-08-20,87280.61421902473
p6,2086,2086-08-26,85657.05638472472
p6,2086,2086-08-27,88328.88270205878
p6,2086,2086-08-28,88614.61516480932
p6,2086,2086-09-01,72131.52053499894
p6,2086,2086-09-02,74767.12858236326
p6,2086,2086-09-03,81628.77689508777
p6,2086,2086-09-05,83273.73858853674
p6,2086,2086-09-26,77590.08312215698
p6,2086,2086-09-28,73086.17377032683
p6,2087,2087-07-10,92948.76011301161
p6,2087,2087-07-11,92136.50812452444
p6,2087,2087-08-01,89909.75915189077
p6,2087,2087-08-29,87565.88774141789
p6,2087,2087-08-30,81697.32657968518
p6,2087,2087-09-09,78719.00618269636
p6,2087,2087-09-10,78226.02809261938
p6,2087,2087-09-11,80501.13003278576
p6,2088,2088-05-16,77841.37102317046
p6,2088,2088-05-17,85887.88196859018
p6,2088,2088-06-28,92327.61296863267
p6,2088,2088-07-08,91613.96032803803
p6,2088,2088-07-09,93425.56432047416
p6,2088,2088-07-12,89960.1813980178
p6,2088,2088-07-13,92231.91323953871
p6,2088,2088-07-14,92053.71011961941
p6,2088,2088-08-05,90853.73484512452
p6,2088,2088-08-06,91235.73615308016
p6,2088,2088-08-13,90692.05114183671
p6,2088,2088-08-14,86829.65525593511
p6,2088,2088-08-15,87134.44123045613
p6,2088,2088-08-16,94896.33829230934
p6,2088,2088-08-17,93151.34368624593
p6,2088,2088-09-08,84348.90368816064
p6,2088,2088-09-11,73296.9535143088
p6,2088,2088-09-12,76201.36265178607
p6,2088,2088-09-14,82357.30102875139
p6,2088,2088-09-15,84194.79617656072
p6,2088,2088-09-16,84017.8927778482
p6,2088,2088-09-28,79363.49344652201
p6,2088,2088-09-29,80066.7636649393
p6,2089,2089-07-16,86619.10230891325
p6,2089,2089-07-17,87555.72285283395
p6,2089,2089-07-20,93377.45051026961
p6,2089,2089-07-26,95913.15117149937
p6,2089,2089-07-27,96528.22727756451
p6,2089,2089-07-28,97173.16363976653
p6,2089,2089-07-29,96995.40394690096
p6,2089,2089-07-30,89258.78468331277
p6,2089,2089-07-31,89859.91005989678
p6,2089,2089-08-01,96118.33133948514
p6,2089,2089-08-17,88747.4614092251
p6,2089,2089-08-18,90084.3362172488
p6,2089,2089-08-19,92322.8665367153
p6,2089,2089-08-20,86219.97481439364
p6,2089,2089-08-26,89199.89506233827
p6,2089,2089-08-27,79634.87995641392
p6,2089,2089-09-10,82388.55529929104
p6,2089,2089-09-11,82538.22854604719
p6,2089,2089-09-12,89849.73956709058
p6,2089,2089-09-18,77519.57049032407
p6,2089,2089-09-21,78627.34294917532
p6,2089,2089-09-22,79171.96852354507
p6,2089,2089-09-23,80792.45403575519
p6,2089,2089-09-27,80995.07398265474
p6,2090,2090-07-07,93232.53724723037
p6,2090,2090-08-14,94780.84010595808
p6,2090,2090-08-16,96141.07242374512
p6,2090,2090-08-17,95688.32593897787
p6,2090,2090-08-24,87203.30167757746
p6,2090,2090-08-25,91887.06027528008
p6,2090,2090-08-26,84298.80760328441
p6,2090,2090-09-02,85087.55517008166
p6,2090,2090-09-03,85072.17208260509
p6,2090,2090-09-30,82575.22852839965
p6,2091,2091-08-24,98532.95177713776
p6,2091,2091-09-03,79306.18561660817
p6,2091,2091-09-04,88770.46709795254
p6,2091,2091-09-06,88870.9295979374
p6,2091,2091-09-07,89538.88912152647
p6,2091,2091-09-09,86066.72269034674
p6,2091,2091-09-10,89469.88596954993
p6,2091,2091-09-11,89218.34360739587
p6,2091,2091-09-29,80197.04970487516
p6,2092,2092-08-04,99856.63872708619
p6,2092,2092-08-05,98684.42506162282
p6,2092,2092-08-11,96519.43108921137
p6,2092,2092-08-12,98646.08895874157
p6,2092,2092-08-13,99860.04982448753
p6,2092,2092-08-14,96627.89061109777
p6,2092,2092-08-15,99261.88503651368
p6,2092,2092-08-16,90642.78084326131
p6,2092,2092-08-17,92026.59615537287
p6,2092,2092-09-12,82545.33975776986
p6,2092,2092-09-13,78022.93975628864
p6,2092,2092-09-14,81585.62921504947
p6,2092,2092-09-17,86881.8716387144
p6,2093,2093-07-01,103259.73230869485
p6,2093,2093-07-02,103326.34869119742
p6,2093,2093-07-03,91175.62349369547
p6,2093,2093-07-22,98662.5704928522
p6,2093,2093-07-23,98667.17220948273
p6,2093,2093-07-24,98433.0074283595
p6,2093,2093-07-25,89328.75294138386
p6,2093,2093-07-26,89327.41322259791
p6,2093,2093-08-06,98303.15816424626
p6,2093,2093-08-21,94714.2744301454
p6,2093,2093-09-09,93567.36135946959
p6,2093,2093-09-10,93427.98698892168
p6,2093,2093-09-11,93450.1868406394
p6,2094,2094-07-01,101026.82680637408
p6,2094,2094-07-15,102725.25055579329
p6,2094,2094-07-16,102860.49493478383
p6,2094,2094-07-27,99745.19196658608
p6,2094,2094-07-28,101442.88203698467
p6,2094,2094-07-29,101219.67743573055
p6,2094,2094-07-31,93195.01131535052
p6,2094,2094-08-03,101312.34656598615
p6,2094,2094-08-10,98623.02128794348
p6,2094,2094-08-11,98650.60734656021
p6,2094,2094-08-27,98248.73145704342
p6,2094,2094-09-05,79649.62725906886
p6,2094,2094-09-06,81387.88222001161
p6,2094,2094-09-11,81811.80489155036
p6,2094,2094-09-12,80210.33399957801
p6,2094,2094-09-13,87218.5645536377
p6,2094,2094-09-14,86361.31610995381
p6,2094,2094-09-15,87193.40598539758
p6,2094,2094-09-20,92972.67869219952
p6,2094,2094-09-21,93346.31826783453
p6,2094,2094-10-04,84290.61141645345
p6,2094,2094-10-05,84371.20441041976
p6,2095,2095-06-08,99531.50251834826
p6,2095,2095-06-26,93466.86698942582
p6,2095,2095-06-27,102804.57457418207
p6,2095,2095-06-28,100479.25334615668
p6,2095,2095-06-30,99840.8575661707
p6,2095,2095-07-01,104352.26640096282
p6,2095,2095-07-02,96779.84539724732
p6,2095,2095-07-03,95553.63765082647
p6,2095,2095-07-04,91450.62881112711
p6,2095,2095-07-18,98239.59287650338
p6,2095,2095-07-19,100453.99321033347
p6,2095,2095-07-29,97766.01920711886
p6,2095,2095-07-30,90439.46960246802
p6,2095,2095-07-31,93009.36340727277
p6,2095,2095-08-01,101110.80353613767
p6,2095,2095-08-02,101024.77188768015
p6,2095,2095-08-17,95877.41893447701
p6,2095,2095-08-18,96068.83210325327
p6,2095,2095-08-19,99452.95855032431
p6,2095,2095-08-22,95522.4308836449
p6,2095,2095-08-28,90443.95978714428
p6,2095,2095-09-09,92525.45133155587
p6,2095,2095-09-10,86095.28833397618
p6,2095,2095-09-11,86403.3751231332
p6,2095,2095-09-12,94878.99816688971
p6,2096,2096-06-04,100080.65980403006
p6,2096,2096-06-05,101906.94581190366
p6,2096,2096-07-28,96788.23599601138
p6,2096,2096-07-29,97364.11690059112
p6,2096,2096-08-12,93378.40637837154
p6,2096,2096-08-13,101239.22014776913
p6,2096,2096-08-14,102498.49935435753
p6,2096,2096-08-18,93200.85055635535
p6,2096,2096-08-19,93584.0826435289
p6,2096,2096-08-20,102493.04998037411
p6,2096,2096-08-21,101007.97131692762
p6,2096,2096-08-25,88067.27814104514
p6,2096,2096-08-26,88176.73643652565
p6,2096,2096-09-10,88651.82120589771
p6,2096,2096-09-25,88498.56453247936
p6,2096,2096-09-26,92321.79190278625
p6,2097,2097-06-23,89345.49137371824
p6,2097,2097-06-24,101576.50154698212
p6,2097,2097-06-25,103527.64454987089
p6,2097,2097-07-31,105197.19977126938
p6,2097,2097-08-01,105609.55031625448
p6,2097,2097-08-02,105059.59750194155
p6,2097,2097-08-03,98918.6729639175
p6,2097,2097-08-04,98264.73996176608
p6,2097,2097-08-05,101751.95462720466
p6,2097,2097-08-08,104188.19595467203
p6,2097,2097-08-21,99650.04191253304
p6,2097,2097-08-26,98074.06575129536
p6,2097,2097-08-27,98945.3867149001
p6,2097,2097-08-28,99959.17483329239
p6,2097,2097-08-29,97596.96021677867
p6,2097,2097-09-01,93026.74165760604
p6,2097,2097-09-02,91735.54941315073
p6,2097,2097-09-03,98419.13289423988
p6,2097,2097-09-04,97328.0768908609
p6,2097,2097-09-05,98332.37735156763
p6,2097,2097-09-06,99717.48837954206
p6,2097,2097-09-11,95134.47901917729
p6,2097,2097-09-12,94601.92406439631
p6,2098,2098-07-12,98434.60150618416
p6,2098,2098-07-13,100565.26016221887
p6,2098,2098-07-14,106133.13861800492
p6,2098,2098-07-15,106131.118871536
p6,2098,2098-07-16,108047.56906858706
p6,2098,2098-07-17,106664.65450091843
p6,2098,2098-07-22,103342.72464019276
p6,2098,2098-07-23,105136.35139088397
p6,2098,2098-07-24,106587.4313877626
p6,2098,2098-07-25,105460.10811757247
p6,2098,2098-07-26,96194.34021577344
p6,2098,2098-07-27,95487.34420402226
p6,2098,2098-07-29,105444.98284038108
p6,2098,2098-07-30,106370.01310928544
p6,2098,2098-07-31,106474.93723002609
p6,2098,2098-08-07,104705.78336543059
p6,2098,2098-08-08,106125.10487093223
p6,2098,2098-08-09,99121.27835248414
p6,2098,2098-08-10,97144.58900988098
p6,2098,2098-08-13,101997.26240833646
p6,2098,2098-08-14,104479.32090304543
p6,2098,2098-08-18,98208.43896005739
p6,2098,2098-08-21,101589.67314790355
p6,2098,2098-08-22,101284.97575804657
p6,2098,2098-09-05,95167.64680724537
p6,2098,2098-09-26,88425.80845396829
p6,2098,2098-09-27,82755.9056004343
p6,2098,2098-09-28,83841.24914369753
p6,2099,2099-06-11,103013.34721107647
p6,2099,2099-06-12,104276.56711884764
p6,2099,2099-08-26,100870.52254341921
p6,2099,2099-08-27,101017.15508959934
p6,2099,2099-08-28,105477.99748274966
p6,2099,2099-08-29,98990.49152726082
p6,2099,2099-09-05,94700.64415835583
